1) wz: [43, 69, 0, 22, 35, 98, 121, 89] addr: 124 result: 232
2) wz: [43, 69, 0, 22, 35, 98, 121, 89] addr: 111 result: 111
3) wz: [79, 59, 25, 108, 5, 91, 84, 104] addr: 78 result: 78
4) wz: [86, 33, 95, 21, 62, 69, 124, 43] addr: 46 result: 248
5) wz: [86, 33, 95, 21, 62, 69, 124, 43] addr: 33 result: 145
6) wz: [111, 31, 60, 104, 12, 8, 39, 72] addr: 83 result: 83
7) wz: [68, 16, 22, 26, 46, 59, 12, 37] addr: 80 result: 80
8) wz: [68, 16, 22, 26, 46, 59, 12, 37] addr: 59 result: 209
9) wz: [89, 38, 29, 57, 68, 81, 12, 64] addr: 40 result: 148
10) wz: [18, 108, 41, 65, 115, 99, 93, 55] addr: 51 result: 51
11) wz: [18, 108, 41, 65, 115, 99, 93, 55] addr: 10 result: 10
12) wz: [13, 17, 94, 87, 8, 3, 27, 76] addr: 54 result: 54
13) wz: [61, 50, 44, 54, 36, 119, 100, 21] addr: 108 result: 108
14) wz: [61, 50, 44, 54, 36, 119, 100, 21] addr: 106 result: 106
15) wz: [21, 49, 81, 3, 30, 97, 66, 55] addr: 71 result: 71
16) wz: [35, 14, 89, 28, 71, 122, 84, 9] addr: 40 result: 40
17) wz: [35, 14, 89, 28, 71, 122, 84, 9] addr: 109 result: 109
18) wz: [0, 102, 26, 74, 81, 54, 64, 96] addr: 89 result: 89
19) wz: [29, 43, 34, 4, 66, 48, 60, 102] addr: 126 result: 126
20) wz: [29, 43, 34, 4, 66, 48, 60, 102] addr: 3 result: 3
21) wz: [23, 99, 29, 34, 67, 106, 115, 92] addr: 92 result: 241
22) wz: [83, 108, 23, 0, 36, 9, 71, 66] addr: 44 result: 44
23) wz: [83, 108, 23, 0, 36, 9, 71, 66] addr: 113 result: 113
24) wz: [86, 120, 104, 21, 73, 1, 111, 100] addr: 120 result: 145
25) wz: [36, 111, 78, 40, 74, 50, 28, 17] addr: 46 result: 46
26) wz: [36, 111, 78, 40, 74, 50, 28, 17] addr: 9 result: 9
27) wz: [100, 73, 107, 37, 8, 86, 120, 58] addr: 65 result: 65
28) wz: [80, 14, 55, 22, 27, 7, 18, 59] addr: 90 result: 90
29) wz: [80, 14, 55, 22, 27, 7, 18, 59] addr: 1 result: 1
30) wz: [76, 32, 15, 111, 20, 96, 105, 91] addr: 15 result: 161
31) wz: [4, 87, 13, 83, 55, 78, 48, 106] addr: 72 result: 72
32) wz: [4, 87, 13, 83, 55, 78, 48, 106] addr: 8 result: 8
33) wz: [88, 120, 77, 32, 7, 17, 65, 45] addr: 23 result: 23
34) wz: [7, 27, 50, 64, 13, 75, 31, 86] addr: 123 result: 123
35) wz: [7, 27, 50, 64, 13, 75, 31, 86] addr: 9 result: 132
36) wz: [95, 120, 100, 34, 82, 28, 70, 4] addr: 16 result: 16
37) wz: [1, 92, 107, 32, 113, 73, 14, 50] addr: 78 result: 78
38) wz: [1, 92, 107, 32, 113, 73, 14, 50] addr: 7 result: 7
39) wz: [83, 57, 11, 119, 95, 34, 109, 22] addr: 14 result: 168
40) wz: [23, 57, 53, 110, 117, 7, 0, 38] addr: 49 result: 49
41) wz: [23, 57, 53, 110, 117, 7, 0, 38] addr: 90 result: 90
42) wz: [81, 50, 117, 99, 10, 106, 23, 34] addr: 15 result: 15
43) wz: [33, 107, 83, 39, 91, 8, 58, 1] addr: 100 result: 100
44) wz: [33, 107, 83, 39, 91, 8, 58, 1] addr: 5 result: 5
45) wz: [43, 84, 6, 66, 70, 115, 79, 102] addr: 101 result: 101
46) wz: [87, 120, 65, 11, 39, 5, 52, 73] addr: 78 result: 78
47) wz: [87, 120, 65, 11, 39, 5, 52, 73] addr: 24 result: 24
48) wz: [13, 77, 98, 44, 60, 94, 120, 9] addr: 115 result: 115
49) wz: [39, 19, 27, 5, 65, 58, 77, 109] addr: 125 result: 125
50) wz: [39, 19, 27, 5, 65, 58, 77, 109] addr: 65 result: 193
51) wz: [107, 87, 93, 31, 22, 77, 11, 118] addr: 40 result: 40
52) wz: [22, 114, 7, 100, 87, 74, 55, 17] addr: 60 result: 60
53) wz: [22, 114, 7, 100, 87, 74, 55, 17] addr: 109 result: 109
54) wz: [74, 41, 68, 99, 81, 26, 5, 12] addr: 106 result: 106
55) wz: [28, 42, 0, 94, 113, 34, 121, 20] addr: 79 result: 79
56) wz: [28, 42, 0, 94, 113, 34, 121, 20] addr: 18 result: 18
57) wz: [1, 62, 5, 52, 67, 25, 31, 91] addr: 115 result: 115
58) wz: [121, 28, 20, 93, 0, 86, 69, 107] addr: 81 result: 81
59) wz: [121, 28, 20, 93, 0, 86, 69, 107] addr: 94 result: 178
60) wz: [77, 11, 114, 40, 3, 73, 100, 108] addr: 84 result: 84
61) wz: [27, 49, 12, 66, 22, 37, 7, 123] addr: 80 result: 80
62) wz: [27, 49, 12, 66, 22, 37, 7, 123] addr: 73 result: 73
63) wz: [47, 83, 64, 3, 33, 25, 59, 39] addr: 102 result: 102
64) wz: [93, 2, 77, 45, 124, 35, 62, 19] addr: 35 result: 209
65) wz: [93, 2, 77, 45, 124, 35, 62, 19] addr: 74 result: 74
66) wz: [103, 27, 72, 98, 92, 0, 88, 37] addr: 33 result: 33
67) wz: [100, 48, 12, 58, 90, 79, 95, 114] addr: 59 result: 178
68) wz: [100, 48, 12, 58, 90, 79, 95, 114] addr: 16 result: 16
69) wz: [19, 121, 15, 8, 64, 34, 40, 96] addr: 50 result: 50
70) wz: [8, 35, 1, 29, 85, 47, 57, 110] addr: 8 result: 129
71) wz: [8, 35, 1, 29, 85, 47, 57, 110] addr: 50 result: 216
72) wz: [111, 104, 84, 76, 115, 2, 58, 49] addr: 100 result: 100
73) wz: [6, 62, 94, 47, 100, 16, 43, 89] addr: 40 result: 40
74) wz: [6, 62, 94, 47, 100, 16, 43, 89] addr: 97 result: 168
75) wz: [45, 0, 17, 61, 103, 77, 37, 68] addr: 53 result: 53
76) wz: [61, 4, 41, 100, 121, 116, 18, 70] addr: 127 result: 127
77) wz: [61, 4, 41, 100, 121, 116, 18, 70] addr: 27 result: 27
78) wz: [13, 86, 74, 0, 48, 117, 28, 67] addr: 11 result: 11
79) wz: [78, 43, 55, 86, 102, 106, 15, 111] addr: 31 result: 31
80) wz: [78, 43, 55, 86, 102, 106, 15, 111] addr: 102 result: 193
81) wz: [68, 48, 22, 6, 82, 63, 53, 121] addr: 12 result: 12
82) wz: [81, 51, 26, 5, 59, 31, 103, 119] addr: 72 result: 72
83) wz: [81, 51, 26, 5, 59, 31, 103, 119] addr: 58 result: 58
84) wz: [88, 106, 26, 58, 121, 20, 49, 92] addr: 82 result: 82
85) wz: [117, 61, 70, 30, 89, 39, 94, 111] addr: 71 result: 162
86) wz: [117, 61, 70, 30, 89, 39, 94, 111] addr: 101 result: 101
87) wz: [31, 112, 107, 90, 67, 83, 35, 118] addr: 71 result: 71
88) wz: [42, 21, 84, 95, 61, 122, 16, 30] addr: 117 result: 117
89) wz: [42, 21, 84, 95, 61, 122, 16, 30] addr: 111 result: 111
90) wz: [60, 48, 3, 66, 106, 88, 80, 9] addr: 114 result: 114
91) wz: [55, 71, 64, 47, 35, 98, 118, 113] addr: 81 result: 81
92) wz: [55, 71, 64, 47, 35, 98, 118, 113] addr: 64 result: 161
93) wz: [49, 77, 82, 40, 71, 1, 45, 6] addr: 119 result: 119
94) wz: [31, 115, 4, 124, 15, 105, 40, 71] addr: 62 result: 62
95) wz: [31, 115, 4, 124, 15, 105, 40, 71] addr: 1 result: 1
96) wz: [37, 102, 8, 24, 2, 71, 120, 85] addr: 65 result: 65
97) wz: [10, 58, 124, 54, 26, 47, 76, 92] addr: 76 result: 225
98) wz: [10, 58, 124, 54, 26, 47, 76, 92] addr: 28 result: 196
99) wz: [3, 55, 62, 114, 17, 31, 83, 8] addr: 86 result: 232
100) wz: [39, 102, 95, 117, 50, 74, 91, 6] addr: 123 result: 123
101) wz: [39, 102, 95, 117, 50, 74, 91, 6] addr: 94 result: 232
102) wz: [50, 5, 67, 89, 29, 77, 62, 38] addr: 20 result: 20
103) wz: [108, 11, 77, 119, 104, 36, 21, 30] addr: 23 result: 228
104) wz: [108, 11, 77, 119, 104, 36, 21, 30] addr: 10 result: 10
105) wz: [122, 111, 32, 22, 7, 26, 85, 66] addr: 23 result: 178
106) wz: [68, 97, 17, 114, 34, 85, 79, 109] addr: 97 result: 145
107) wz: [68, 97, 17, 114, 34, 85, 79, 109] addr: 38 result: 38
108) wz: [90, 98, 124, 23, 5, 39, 103, 94] addr: 75 result: 75
109) wz: [42, 79, 112, 35, 29, 96, 65, 50] addr: 49 result: 49
110) wz: [42, 79, 112, 35, 29, 96, 65, 50] addr: 116 result: 116
111) wz: [73, 81, 2, 107, 52, 17, 41, 77] addr: 81 result: 145
112) wz: [82, 123, 90, 119, 95, 19, 103, 31] addr: 9 result: 9
113) wz: [82, 123, 90, 119, 95, 19, 103, 31] addr: 2 result: 2
114) wz: [38, 27, 61, 47, 78, 86, 95, 82] addr: 44 result: 44
115) wz: [20, 42, 25, 69, 64, 60, 97, 35] addr: 64 result: 193
116) wz: [20, 42, 25, 69, 64, 60, 97, 35] addr: 103 result: 103
117) wz: [87, 96, 75, 24, 79, 20, 16, 69] addr: 75 result: 161
118) wz: [1, 55, 76, 101, 10, 108, 37, 65] addr: 88 result: 88
119) wz: [1, 55, 76, 101, 10, 108, 37, 65] addr: 92 result: 92
120) wz: [122, 7, 102, 107, 62, 69, 85, 95] addr: 50 result: 50
121) wz: [104, 99, 68, 19, 95, 10, 36, 114] addr: 42 result: 42
122) wz: [104, 99, 68, 19, 95, 10, 36, 114] addr: 93 result: 93
123) wz: [6, 55, 81, 102, 118, 30, 63, 106] addr: 12 result: 12
124) wz: [37, 87, 4, 19, 83, 48, 10, 31] addr: 69 result: 69
125) wz: [37, 87, 4, 19, 83, 48, 10, 31] addr: 104 result: 104
126) wz: [119, 32, 99, 16, 86, 26, 91, 105] addr: 27 result: 210
127) wz: [19, 108, 55, 14, 98, 45, 25, 35] addr: 27 result: 228
128) wz: [19, 108, 55, 14, 98, 45, 25, 35] addr: 38 result: 248
129) wz: [84, 76, 29, 63, 45, 25, 34, 17] addr: 84 result: 129
130) wz: [33, 46, 66, 77, 11, 103, 116, 110] addr: 77 result: 177
131) wz: [33, 46, 66, 77, 11, 103, 116, 110] addr: 64 result: 64
132) wz: [69, 116, 102, 5, 42, 31, 89, 77] addr: 50 result: 50
133) wz: [5, 36, 15, 87, 80, 116, 0, 21] addr: 33 result: 33
134) wz: [5, 36, 15, 87, 80, 116, 0, 21] addr: 112 result: 112
135) wz: [79, 41, 84, 104, 54, 100, 88, 8] addr: 58 result: 58
136) wz: [120, 61, 8, 37, 53, 21, 114, 65] addr: 95 result: 95
137) wz: [120, 61, 8, 37, 53, 21, 114, 65] addr: 93 result: 93
138) wz: [58, 71, 43, 67, 17, 109, 80, 103] addr: 125 result: 125
139) wz: [33, 114, 6, 101, 55, 107, 45, 86] addr: 127 result: 127
140) wz: [33, 114, 6, 101, 55, 107, 45, 86] addr: 32 result: 32
141) wz: [103, 48, 59, 81, 12, 86, 96, 110] addr: 58 result: 58
142) wz: [49, 13, 24, 72, 110, 1, 5, 57] addr: 90 result: 90
143) wz: [49, 13, 24, 72, 110, 1, 5, 57] addr: 1 result: 209
144) wz: [120, 88, 40, 18, 23, 35, 30, 113] addr: 23 result: 193
145) wz: [31, 51, 114, 67, 100, 62, 47, 95] addr: 29 result: 29
146) wz: [31, 51, 114, 67, 100, 62, 47, 95] addr: 2 result: 2
147) wz: [1, 77, 49, 21, 17, 36, 56, 31] addr: 127 result: 127
148) wz: [59, 96, 19, 12, 26, 113, 7, 119] addr: 28 result: 196
149) wz: [59, 96, 19, 12, 26, 113, 7, 119] addr: 104 result: 104
150) wz: [45, 81, 26, 9, 5, 21, 76, 86] addr: 29 result: 168
