43
69
0
22
35
98
121
89
124
0
232
43
69
0
22
35
98
121
89
111
0
111
79
59
25
108
5
91
84
104
78
0
78
86
33
95
21
62
69
124
43
46
0
248
86
33
95
21
62
69
124
43
33
0
145
111
31
60
104
12
8
39
72
83
0
83
68
16
22
26
46
59
12
37
80
0
80
68
16
22
26
46
59
12
37
59
0
209
89
38
29
57
68
81
12
64
40
0
148
18
108
41
65
115
99
93
55
51
0
51
18
108
41
65
115
99
93
55
10
0
10
13
17
94
87
8
3
27
76
54
0
54
61
50
44
54
36
119
100
21
108
0
108
61
50
44
54
36
119
100
21
106
0
106
21
49
81
3
30
97
66
55
71
0
71
35
14
89
28
71
122
84
9
40
0
40
35
14
89
28
71
122
84
9
109
0
109
0
102
26
74
81
54
64
96
89
0
89
29
43
34
4
66
48
60
102
126
0
126
29
43
34
4
66
48
60
102
3
0
3
23
99
29
34
67
106
115
92
92
0
241
83
108
23
0
36
9
71
66
44
0
44
83
108
23
0
36
9
71
66
113
0
113
86
120
104
21
73
1
111
100
120
0
145
36
111
78
40
74
50
28
17
46
0
46
36
111
78
40
74
50
28
17
9
0
9
100
73
107
37
8
86
120
58
65
0
65
80
14
55
22
27
7
18
59
90
0
90
80
14
55
22
27
7
18
59
1
0
1
76
32
15
111
20
96
105
91
15
0
161
4
87
13
83
55
78
48
106
72
0
72
4
87
13
83
55
78
48
106
8
0
8
88
120
77
32
7
17
65
45
23
0
23
7
27
50
64
13
75
31
86
123
0
123
7
27
50
64
13
75
31
86
9
0
132
95
120
100
34
82
28
70
4
16
0
16
1
92
107
32
113
73
14
50
78
0
78
1
92
107
32
113
73
14
50
7
0
7
83
57
11
119
95
34
109
22
14
0
168
23
57
53
110
117
7
0
38
49
0
49
23
57
53
110
117
7
0
38
90
0
90
81
50
117
99
10
106
23
34
15
0
15
33
107
83
39
91
8
58
1
100
0
100
33
107
83
39
91
8
58
1
5
0
5
43
84
6
66
70
115
79
102
101
0
101
87
120
65
11
39
5
52
73
78
0
78
87
120
65
11
39
5
52
73
24
0
24
13
77
98
44
60
94
120
9
115
0
115
39
19
27
5
65
58
77
109
125
0
125
39
19
27
5
65
58
77
109
65
0
193
107
87
93
31
22
77
11
118
40
0
40
22
114
7
100
87
74
55
17
60
0
60
22
114
7
100
87
74
55
17
109
0
109
74
41
68
99
81
26
5
12
106
0
106
28
42
0
94
113
34
121
20
79
0
79
28
42
0
94
113
34
121
20
18
0
18
1
62
5
52
67
25
31
91
115
0
115
121
28
20
93
0
86
69
107
81
0
81
121
28
20
93
0
86
69
107
94
0
178
77
11
114
40
3
73
100
108
84
0
84
27
49
12
66
22
37
7
123
80
0
80
27
49
12
66
22
37
7
123
73
0
73
47
83
64
3
33
25
59
39
102
0
102
93
2
77
45
124
35
62
19
35
0
209
93
2
77
45
124
35
62
19
74
0
74
103
27
72
98
92
0
88
37
33
0
33
100
48
12
58
90
79
95
114
59
0
178
100
48
12
58
90
79
95
114
16
0
16
19
121
15
8
64
34
40
96
50
0
50
8
35
1
29
85
47
57
110
8
0
129
8
35
1
29
85
47
57
110
50
0
216
111
104
84
76
115
2
58
49
100
0
100
6
62
94
47
100
16
43
89
40
0
40
6
62
94
47
100
16
43
89
97
0
168
45
0
17
61
103
77
37
68
53
0
53
61
4
41
100
121
116
18
70
127
0
127
61
4
41
100
121
116
18
70
27
0
27
13
86
74
0
48
117
28
67
11
0
11
78
43
55
86
102
106
15
111
31
0
31
78
43
55
86
102
106
15
111
102
0
193
68
48
22
6
82
63
53
121
12
0
12
81
51
26
5
59
31
103
119
72
0
72
81
51
26
5
59
31
103
119
58
0
58
88
106
26
58
121
20
49
92
82
0
82
117
61
70
30
89
39
94
111
71
0
162
117
61
70
30
89
39
94
111
101
0
101
31
112
107
90
67
83
35
118
71
0
71
42
21
84
95
61
122
16
30
117
0
117
42
21
84
95
61
122
16
30
111
0
111
60
48
3
66
106
88
80
9
114
0
114
55
71
64
47
35
98
118
113
81
0
81
55
71
64
47
35
98
118
113
64
0
161
49
77
82
40
71
1
45
6
119
0
119
31
115
4
124
15
105
40
71
62
0
62
31
115
4
124
15
105
40
71
1
0
1
37
102
8
24
2
71
120
85
65
0
65
10
58
124
54
26
47
76
92
76
0
225
10
58
124
54
26
47
76
92
28
0
196
3
55
62
114
17
31
83
8
86
0
232
39
102
95
117
50
74
91
6
123
0
123
39
102
95
117
50
74
91
6
94
0
232
50
5
67
89
29
77
62
38
20
0
20
108
11
77
119
104
36
21
30
23
0
228
108
11
77
119
104
36
21
30
10
0
10
122
111
32
22
7
26
85
66
23
0
178
68
97
17
114
34
85
79
109
97
0
145
68
97
17
114
34
85
79
109
38
0
38
90
98
124
23
5
39
103
94
75
0
75
42
79
112
35
29
96
65
50
49
0
49
42
79
112
35
29
96
65
50
116
0
116
73
81
2
107
52
17
41
77
81
0
145
82
123
90
119
95
19
103
31
9
0
9
82
123
90
119
95
19
103
31
2
0
2
38
27
61
47
78
86
95
82
44
0
44
20
42
25
69
64
60
97
35
64
0
193
20
42
25
69
64
60
97
35
103
0
103
87
96
75
24
79
20
16
69
75
0
161
1
55
76
101
10
108
37
65
88
0
88
1
55
76
101
10
108
37
65
92
0
92
122
7
102
107
62
69
85
95
50
0
50
104
99
68
19
95
10
36
114
42
0
42
104
99
68
19
95
10
36
114
93
0
93
6
55
81
102
118
30
63
106
12
0
12
37
87
4
19
83
48
10
31
69
0
69
37
87
4
19
83
48
10
31
104
0
104
119
32
99
16
86
26
91
105
27
0
210
19
108
55
14
98
45
25
35
27
0
228
19
108
55
14
98
45
25
35
38
0
248
84
76
29
63
45
25
34
17
84
0
129
33
46
66
77
11
103
116
110
77
0
177
33
46
66
77
11
103
116
110
64
0
64
69
116
102
5
42
31
89
77
50
0
50
5
36
15
87
80
116
0
21
33
0
33
5
36
15
87
80
116
0
21
112
0
112
79
41
84
104
54
100
88
8
58
0
58
120
61
8
37
53
21
114
65
95
0
95
120
61
8
37
53
21
114
65
93
0
93
58
71
43
67
17
109
80
103
125
0
125
33
114
6
101
55
107
45
86
127
0
127
33
114
6
101
55
107
45
86
32
0
32
103
48
59
81
12
86
96
110
58
0
58
49
13
24
72
110
1
5
57
90
0
90
49
13
24
72
110
1
5
57
1
0
209
120
88
40
18
23
35
30
113
23
0
193
31
51
114
67
100
62
47
95
29
0
29
31
51
114
67
100
62
47
95
2
0
2
1
77
49
21
17
36
56
31
127
0
127
59
96
19
12
26
113
7
119
28
0
196
59
96
19
12
26
113
7
119
104
0
104
45
81
26
9
5
21
76
86
29
0
168
