1) wz: [43, 69, 0, 22, 35, 98, 121, 89] addr: 124 result: 232
2) wz: [43, 69, 0, 22, 35, 98, 121, 89] addr: 111 result: 111
3) wz: [79, 59, 25, 108, 5, 91, 84, 104] addr: 78 result: 78
4) wz: [86, 33, 95, 21, 62, 69, 124, 43] addr: 46 result: 248
5) wz: [86, 33, 95, 21, 62, 69, 124, 43] addr: 33 result: 145
6) wz: [111, 31, 60, 104, 12, 8, 39, 72] addr: 83 result: 83
7) wz: [68, 16, 22, 26, 46, 59, 12, 37] addr: 80 result: 80
8) wz: [68, 16, 22, 26, 46, 59, 12, 37] addr: 59 result: 209
9) wz: [89, 38, 29, 57, 68, 81, 12, 64] addr: 40 result: 148
10) wz: [18, 108, 41, 65, 115, 99, 93, 55] addr: 51 result: 51
11) wz: [18, 108, 41, 65, 115, 99, 93, 55] addr: 10 result: 10
12) wz: [13, 17, 94, 87, 8, 3, 27, 76] addr: 54 result: 54
13) wz: [61, 50, 44, 54, 36, 119, 100, 21] addr: 108 result: 108
14) wz: [61, 50, 44, 54, 36, 119, 100, 21] addr: 106 result: 106
15) wz: [21, 49, 81, 3, 30, 97, 66, 55] addr: 71 result: 71
16) wz: [35, 14, 89, 28, 71, 122, 84, 9] addr: 40 result: 40
17) wz: [35, 14, 89, 28, 71, 122, 84, 9] addr: 109 result: 109
18) wz: [0, 102, 26, 74, 81, 54, 64, 96] addr: 89 result: 89
19) wz: [29, 43, 34, 4, 66, 48, 60, 102] addr: 126 result: 126
20) wz: [29, 43, 34, 4, 66, 48, 60, 102] addr: 3 result: 3
21) wz: [23, 99, 29, 34, 67, 106, 115, 92] addr: 92 result: 241
22) wz: [83, 108, 23, 0, 36, 9, 71, 66] addr: 44 result: 44
23) wz: [83, 108, 23, 0, 36, 9, 71, 66] addr: 113 result: 113
24) wz: [86, 120, 104, 21, 73, 1, 111, 100] addr: 120 result: 145
25) wz: [36, 111, 78, 40, 74, 50, 28, 17] addr: 46 result: 46
26) wz: [36, 111, 78, 40, 74, 50, 28, 17] addr: 9 result: 9
27) wz: [100, 73, 107, 37, 8, 86, 120, 58] addr: 65 result: 65
28) wz: [80, 14, 55, 22, 27, 7, 18, 59] addr: 90 result: 90
29) wz: [80, 14, 55, 22, 27, 7, 18, 59] addr: 1 result: 1
30) wz: [76, 32, 15, 111, 20, 96, 105, 91] addr: 15 result: 161
31) wz: [4, 87, 13, 83, 55, 78, 48, 106] addr: 72 result: 72
32) wz: [4, 87, 13, 83, 55, 78, 48, 106] addr: 8 result: 8
33) wz: [88, 120, 77, 32, 7, 17, 65, 45] addr: 23 result: 23
34) wz: [7, 27, 50, 64, 13, 75, 31, 86] addr: 123 result: 123
35) wz: [7, 27, 50, 64, 13, 75, 31, 86] addr: 9 result: 132
36) wz: [95, 120, 100, 34, 82, 28, 70, 4] addr: 16 result: 16
37) wz: [1, 92, 107, 32, 113, 73, 14, 50] addr: 78 result: 78
38) wz: [1, 92, 107, 32, 113, 73, 14, 50] addr: 7 result: 7
39) wz: [83, 57, 11, 119, 95, 34, 109, 22] addr: 14 result: 168
40) wz: [23, 57, 53, 110, 117, 7, 0, 38] addr: 49 result: 49
41) wz: [23, 57, 53, 110, 117, 7, 0, 38] addr: 90 result: 90
42) wz: [81, 50, 117, 99, 10, 106, 23, 34] addr: 15 result: 15
43) wz: [33, 107, 83, 39, 91, 8, 58, 1] addr: 100 result: 100
44) wz: [33, 107, 83, 39, 91, 8, 58, 1] addr: 5 result: 5
45) wz: [43, 84, 6, 66, 70, 115, 79, 102] addr: 101 result: 101
46) wz: [87, 120, 65, 11, 39, 5, 52, 73] addr: 78 result: 78
47) wz: [87, 120, 65, 11, 39, 5, 52, 73] addr: 24 result: 24
48) wz: [13, 77, 98, 44, 60, 94, 120, 9] addr: 115 result: 115
49) wz: [39, 19, 27, 5, 65, 58, 77, 109] addr: 125 result: 125
50) wz: [39, 19, 27, 5, 65, 58, 77, 109] addr: 65 result: 193
51) wz: [107, 87, 93, 31, 22, 77, 11, 118] addr: 40 result: 40
52) wz: [22, 114, 7, 100, 87, 74, 55, 17] addr: 60 result: 60
53) wz: [22, 114, 7, 100, 87, 74, 55, 17] addr: 109 result: 109
54) wz: [74, 41, 68, 99, 81, 26, 5, 12] addr: 106 result: 106
55) wz: [28, 42, 0, 94, 113, 34, 121, 20] addr: 79 result: 79
56) wz: [28, 42, 0, 94, 113, 34, 121, 20] addr: 18 result: 18
57) wz: [1, 62, 5, 52, 67, 25, 31, 91] addr: 115 result: 115
58) wz: [121, 28, 20, 93, 0, 86, 69, 107] addr: 81 result: 81
59) wz: [121, 28, 20, 93, 0, 86, 69, 107] addr: 94 result: 178
60) wz: [77, 11, 114, 40, 3, 73, 100, 108] addr: 84 result: 84
61) wz: [27, 49, 12, 66, 22, 37, 7, 123] addr: 80 result: 80
62) wz: [27, 49, 12, 66, 22, 37, 7, 123] addr: 73 result: 73
63) wz: [47, 83, 64, 3, 33, 25, 59, 39] addr: 102 result: 102
64) wz: [93, 2, 77, 45, 124, 35, 62, 19] addr: 35 result: 209
65) wz: [93, 2, 77, 45, 124, 35, 62, 19] addr: 74 result: 74
66) wz: [103, 27, 72, 98, 92, 0, 88, 37] addr: 33 result: 33
67) wz: [100, 48, 12, 58, 90, 79, 95, 114] addr: 59 result: 178
68) wz: [100, 48, 12, 58, 90, 79, 95, 114] addr: 16 result: 16
69) wz: [19, 121, 15, 8, 64, 34, 40, 96] addr: 50 result: 50
70) wz: [8, 35, 1, 29, 85, 47, 57, 110] addr: 8 result: 129
71) wz: [8, 35, 1, 29, 85, 47, 57, 110] addr: 50 result: 216
72) wz: [111, 104, 84, 76, 115, 2, 58, 49] addr: 100 result: 100
73) wz: [6, 62, 94, 47, 100, 16, 43, 89] addr: 40 result: 40
74) wz: [6, 62, 94, 47, 100, 16, 43, 89] addr: 97 result: 168
75) wz: [45, 0, 17, 61, 103, 77, 37, 68] addr: 53 result: 53
76) wz: [61, 4, 41, 100, 121, 116, 18, 70] addr: 127 result: 127
77) wz: [61, 4, 41, 100, 121, 116, 18, 70] addr: 27 result: 27
78) wz: [13, 86, 74, 0, 48, 117, 28, 67] addr: 11 result: 11
79) wz: [78, 43, 55, 86, 102, 106, 15, 111] addr: 31 result: 31
80) wz: [78, 43, 55, 86, 102, 106, 15, 111] addr: 102 result: 193
81) wz: [68, 48, 22, 6, 82, 63, 53, 121] addr: 12 result: 12
82) wz: [81, 51, 26, 5, 59, 31, 103, 119] addr: 72 result: 72
83) wz: [81, 51, 26, 5, 59, 31, 103, 119] addr: 58 result: 58
84) wz: [88, 106, 26, 58, 121, 20, 49, 92] addr: 82 result: 82
85) wz: [117, 61, 70, 30, 89, 39, 94, 111] addr: 71 result: 162
86) wz: [117, 61, 70, 30, 89, 39, 94, 111] addr: 101 result: 101
87) wz: [31, 112, 107, 90, 67, 83, 35, 118] addr: 71 result: 71
88) wz: [42, 21, 84, 95, 61, 122, 16, 30] addr: 117 result: 117
89) wz: [42, 21, 84, 95, 61, 122, 16, 30] addr: 111 result: 111
90) wz: [60, 48, 3, 66, 106, 88, 80, 9] addr: 114 result: 114
91) wz: [55, 71, 64, 47, 35, 98, 118, 113] addr: 81 result: 81
92) wz: [55, 71, 64, 47, 35, 98, 118, 113] addr: 64 result: 161
93) wz: [49, 77, 82, 40, 71, 1, 45, 6] addr: 119 result: 119
94) wz: [31, 115, 4, 124, 15, 105, 40, 71] addr: 62 result: 62
95) wz: [31, 115, 4, 124, 15, 105, 40, 71] addr: 1 result: 1
96) wz: [37, 102, 8, 24, 2, 71, 120, 85] addr: 65 result: 65
97) wz: [10, 58, 124, 54, 26, 47, 76, 92] addr: 76 result: 225
98) wz: [10, 58, 124, 54, 26, 47, 76, 92] addr: 28 result: 196
99) wz: [3, 55, 62, 114, 17, 31, 83, 8] addr: 86 result: 232
100) wz: [39, 102, 95, 117, 50, 74, 91, 6] addr: 123 result: 123
101) wz: [39, 102, 95, 117, 50, 74, 91, 6] addr: 94 result: 232
102) wz: [50, 5, 67, 89, 29, 77, 62, 38] addr: 20 result: 20
103) wz: [108, 11, 77, 119, 104, 36, 21, 30] addr: 23 result: 228
104) wz: [108, 11, 77, 119, 104, 36, 21, 30] addr: 10 result: 10
105) wz: [122, 111, 32, 22, 7, 26, 85, 66] addr: 23 result: 178
106) wz: [68, 97, 17, 114, 34, 85, 79, 109] addr: 97 result: 145
107) wz: [68, 97, 17, 114, 34, 85, 79, 109] addr: 38 result: 38
108) wz: [90, 98, 124, 23, 5, 39, 103, 94] addr: 75 result: 75
109) wz: [42, 79, 112, 35, 29, 96, 65, 50] addr: 49 result: 49
110) wz: [42, 79, 112, 35, 29, 96, 65, 50] addr: 116 result: 116
111) wz: [73, 81, 2, 107, 52, 17, 41, 77] addr: 81 result: 145
112) wz: [82, 123, 90, 119, 95, 19, 103, 31] addr: 9 result: 9
113) wz: [82, 123, 90, 119, 95, 19, 103, 31] addr: 2 result: 2
114) wz: [38, 27, 61, 47, 78, 86, 95, 82] addr: 44 result: 44
115) wz: [20, 42, 25, 69, 64, 60, 97, 35] addr: 64 result: 193
116) wz: [20, 42, 25, 69, 64, 60, 97, 35] addr: 103 result: 103
117) wz: [87, 96, 75, 24, 79, 20, 16, 69] addr: 75 result: 161
118) wz: [1, 55, 76, 101, 10, 108, 37, 65] addr: 88 result: 88
119) wz: [1, 55, 76, 101, 10, 108, 37, 65] addr: 92 result: 92
120) wz: [122, 7, 102, 107, 62, 69, 85, 95] addr: 50 result: 50
121) wz: [104, 99, 68, 19, 95, 10, 36, 114] addr: 42 result: 42
122) wz: [104, 99, 68, 19, 95, 10, 36, 114] addr: 93 result: 93
123) wz: [6, 55, 81, 102, 118, 30, 63, 106] addr: 12 result: 12
124) wz: [37, 87, 4, 19, 83, 48, 10, 31] addr: 69 result: 69
125) wz: [37, 87, 4, 19, 83, 48, 10, 31] addr: 104 result: 104
126) wz: [119, 32, 99, 16, 86, 26, 91, 105] addr: 27 result: 210
127) wz: [19, 108, 55, 14, 98, 45, 25, 35] addr: 27 result: 228
128) wz: [19, 108, 55, 14, 98, 45, 25, 35] addr: 38 result: 248
129) wz: [84, 76, 29, 63, 45, 25, 34, 17] addr: 84 result: 129
130) wz: [33, 46, 66, 77, 11, 103, 116, 110] addr: 77 result: 177
131) wz: [33, 46, 66, 77, 11, 103, 116, 110] addr: 64 result: 64
132) wz: [69, 116, 102, 5, 42, 31, 89, 77] addr: 50 result: 50
133) wz: [5, 36, 15, 87, 80, 116, 0, 21] addr: 33 result: 33
134) wz: [5, 36, 15, 87, 80, 116, 0, 21] addr: 112 result: 112
135) wz: [79, 41, 84, 104, 54, 100, 88, 8] addr: 58 result: 58
136) wz: [120, 61, 8, 37, 53, 21, 114, 65] addr: 95 result: 95
137) wz: [120, 61, 8, 37, 53, 21, 114, 65] addr: 93 result: 93
138) wz: [58, 71, 43, 67, 17, 109, 80, 103] addr: 125 result: 125
139) wz: [33, 114, 6, 101, 55, 107, 45, 86] addr: 127 result: 127
140) wz: [33, 114, 6, 101, 55, 107, 45, 86] addr: 32 result: 32
141) wz: [103, 48, 59, 81, 12, 86, 96, 110] addr: 58 result: 58
142) wz: [49, 13, 24, 72, 110, 1, 5, 57] addr: 90 result: 90
143) wz: [49, 13, 24, 72, 110, 1, 5, 57] addr: 1 result: 209
144) wz: [120, 88, 40, 18, 23, 35, 30, 113] addr: 23 result: 193
145) wz: [31, 51, 114, 67, 100, 62, 47, 95] addr: 29 result: 29
146) wz: [31, 51, 114, 67, 100, 62, 47, 95] addr: 2 result: 2
147) wz: [1, 77, 49, 21, 17, 36, 56, 31] addr: 127 result: 127
148) wz: [59, 96, 19, 12, 26, 113, 7, 119] addr: 28 result: 196
149) wz: [59, 96, 19, 12, 26, 113, 7, 119] addr: 104 result: 104
150) wz: [45, 81, 26, 9, 5, 21, 76, 86] addr: 29 result: 168
151) wz: [52, 12, 114, 93, 19, 26, 100, 80] addr: 62 result: 62
152) wz: [52, 12, 114, 93, 19, 26, 100, 80] addr: 20 result: 194
153) wz: [95, 14, 112, 21, 58, 82, 122, 4] addr: 32 result: 32
154) wz: [115, 106, 9, 4, 25, 94, 53, 78] addr: 48 result: 48
155) wz: [115, 106, 9, 4, 25, 94, 53, 78] addr: 38 result: 38
156) wz: [102, 88, 63, 59, 75, 5, 53, 45] addr: 85 result: 85
157) wz: [86, 92, 55, 82, 10, 113, 75, 27] addr: 57 result: 164
158) wz: [86, 92, 55, 82, 10, 113, 75, 27] addr: 31 result: 31
159) wz: [119, 115, 52, 60, 88, 72, 94, 20] addr: 123 result: 123
160) wz: [115, 74, 61, 94, 122, 106, 78, 102] addr: 123 result: 194
161) wz: [115, 74, 61, 94, 122, 106, 78, 102] addr: 71 result: 71
162) wz: [123, 78, 8, 36, 108, 50, 28, 61] addr: 120 result: 120
163) wz: [95, 110, 57, 27, 65, 106, 119, 23] addr: 20 result: 20
164) wz: [95, 110, 57, 27, 65, 106, 119, 23] addr: 59 result: 164
165) wz: [115, 59, 100, 106, 54, 42, 10, 93] addr: 58 result: 58
166) wz: [22, 99, 119, 113, 63, 69, 12, 45] addr: 53 result: 53
167) wz: [22, 99, 119, 113, 63, 69, 12, 45] addr: 72 result: 216
168) wz: [123, 105, 21, 114, 34, 86, 95, 65] addr: 88 result: 212
169) wz: [88, 103, 43, 9, 48, 63, 31, 117] addr: 76 result: 76
170) wz: [88, 103, 43, 9, 48, 63, 31, 117] addr: 121 result: 121
171) wz: [104, 76, 34, 63, 16, 5, 26, 100] addr: 80 result: 80
172) wz: [56, 83, 41, 106, 112, 66, 71, 51] addr: 12 result: 12
173) wz: [56, 83, 41, 106, 112, 66, 71, 51] addr: 49 result: 49
174) wz: [63, 52, 1, 81, 99, 15, 44, 70] addr: 105 result: 105
175) wz: [10, 4, 41, 62, 119, 69, 84, 32] addr: 11 result: 130
176) wz: [10, 4, 41, 62, 119, 69, 84, 32] addr: 3 result: 3
177) wz: [26, 104, 64, 45, 51, 83, 75, 98] addr: 43 result: 43
178) wz: [50, 83, 66, 77, 62, 34, 57, 5] addr: 64 result: 196
179) wz: [50, 83, 66, 77, 62, 34, 57, 5] addr: 114 result: 114
180) wz: [105, 23, 61, 9, 72, 36, 66, 114] addr: 23 result: 145
181) wz: [26, 88, 74, 122, 104, 56, 39, 2] addr: 96 result: 96
182) wz: [26, 88, 74, 122, 104, 56, 39, 2] addr: 47 result: 47
183) wz: [26, 17, 107, 84, 22, 55, 97, 123] addr: 42 result: 42
184) wz: [37, 83, 101, 21, 109, 41, 7, 96] addr: 28 result: 28
185) wz: [37, 83, 101, 21, 109, 41, 7, 96] addr: 121 result: 121
186) wz: [79, 117, 83, 34, 5, 12, 108, 97] addr: 4 result: 4
187) wz: [16, 93, 28, 114, 71, 66, 81, 101] addr: 126 result: 126
188) wz: [16, 93, 28, 114, 71, 66, 81, 101] addr: 14 result: 14
189) wz: [118, 41, 53, 48, 62, 87, 114, 71] addr: 52 result: 52
190) wz: [107, 5, 39, 20, 46, 15, 82, 92] addr: 85 result: 232
191) wz: [107, 5, 39, 20, 46, 15, 82, 92] addr: 44 result: 44
192) wz: [27, 58, 36, 52, 99, 4, 122, 76] addr: 4 result: 209
193) wz: [113, 59, 41, 55, 50, 26, 117, 30] addr: 25 result: 25
194) wz: [113, 59, 41, 55, 50, 26, 117, 30] addr: 24 result: 24
195) wz: [47, 119, 57, 78, 65, 103, 35, 69] addr: 114 result: 114
196) wz: [41, 13, 75, 92, 86, 79, 64, 56] addr: 24 result: 24
197) wz: [41, 13, 75, 92, 86, 79, 64, 56] addr: 115 result: 115
198) wz: [30, 45, 64, 73, 87, 80, 39, 109] addr: 80 result: 209
199) wz: [109, 49, 2, 115, 42, 37, 105, 76] addr: 63 result: 63
200) wz: [109, 49, 2, 115, 42, 37, 105, 76] addr: 78 result: 244
201) wz: [73, 44, 94, 54, 111, 20, 116, 120] addr: 4 result: 4
202) wz: [74, 33, 123, 28, 68, 108, 94, 119] addr: 65 result: 65
203) wz: [74, 33, 123, 28, 68, 108, 94, 119] addr: 60 result: 60
204) wz: [61, 89, 123, 31, 41, 74, 79, 50] addr: 89 result: 145
205) wz: [86, 68, 51, 100, 5, 114, 40, 56] addr: 113 result: 113
206) wz: [86, 68, 51, 100, 5, 114, 40, 56] addr: 49 result: 49
207) wz: [74, 104, 44, 22, 27, 15, 40, 95] addr: 83 result: 83
208) wz: [107, 87, 26, 32, 102, 52, 0, 80] addr: 49 result: 49
209) wz: [107, 87, 26, 32, 102, 52, 0, 80] addr: 94 result: 94
210) wz: [100, 19, 79, 32, 41, 7, 89, 109] addr: 19 result: 145
211) wz: [68, 97, 11, 109, 84, 117, 44, 122] addr: 103 result: 103
212) wz: [68, 97, 11, 109, 84, 117, 44, 122] addr: 14 result: 168
213) wz: [12, 86, 30, 103, 40, 79, 49, 19] addr: 77 result: 77
214) wz: [37, 87, 123, 24, 107, 67, 101, 76] addr: 64 result: 64
215) wz: [37, 87, 123, 24, 107, 67, 101, 76] addr: 123 result: 161
216) wz: [51, 96, 4, 67, 100, 44, 29, 13] addr: 3 result: 3
217) wz: [29, 45, 83, 100, 72, 64, 35, 122] addr: 47 result: 148
218) wz: [29, 45, 83, 100, 72, 64, 35, 122] addr: 97 result: 97
219) wz: [28, 101, 81, 90, 97, 71, 61, 76] addr: 34 result: 34
220) wz: [124, 9, 53, 99, 71, 5, 62, 115] addr: 23 result: 23
221) wz: [124, 9, 53, 99, 71, 5, 62, 115] addr: 32 result: 32
222) wz: [102, 45, 90, 65, 40, 0, 72, 113] addr: 8 result: 8
223) wz: [28, 57, 21, 64, 94, 53, 119, 84] addr: 24 result: 168
224) wz: [28, 57, 21, 64, 94, 53, 119, 84] addr: 37 result: 37
225) wz: [99, 86, 74, 0, 117, 28, 34, 122] addr: 19 result: 19
226) wz: [76, 17, 123, 29, 89, 114, 118, 70] addr: 21 result: 21
227) wz: [76, 17, 123, 29, 89, 114, 118, 70] addr: 17 result: 145
228) wz: [86, 101, 56, 28, 112, 119, 80, 41] addr: 116 result: 116
229) wz: [107, 33, 69, 53, 9, 124, 94, 25] addr: 2 result: 2
230) wz: [107, 33, 69, 53, 9, 124, 94, 25] addr: 43 result: 43
231) wz: [38, 81, 112, 43, 23, 105, 53, 70] addr: 121 result: 121
232) wz: [13, 32, 65, 122, 112, 84, 79, 1] addr: 51 result: 51
233) wz: [13, 32, 65, 122, 112, 84, 79, 1] addr: 30 result: 30
234) wz: [54, 83, 31, 18, 79, 69, 73, 120] addr: 31 result: 161
235) wz: [103, 41, 45, 16, 94, 33, 99, 12] addr: 49 result: 49
236) wz: [103, 41, 45, 16, 94, 33, 99, 12] addr: 121 result: 121
237) wz: [123, 3, 103, 86, 79, 64, 91, 68] addr: 108 result: 108
238) wz: [117, 68, 30, 91, 109, 41, 113, 75] addr: 110 result: 194
239) wz: [117, 68, 30, 91, 109, 41, 113, 75] addr: 4 result: 4
240) wz: [104, 35, 43, 25, 53, 13, 19, 122] addr: 92 result: 92
241) wz: [72, 78, 105, 24, 53, 97, 62, 124] addr: 120 result: 120
242) wz: [72, 78, 105, 24, 53, 97, 62, 124] addr: 118 result: 118
243) wz: [121, 35, 65, 17, 105, 77, 9, 43] addr: 62 result: 62
244) wz: [22, 90, 105, 36, 117, 67, 47, 77] addr: 105 result: 161
245) wz: [22, 90, 105, 36, 117, 67, 47, 77] addr: 114 result: 114
246) wz: [57, 40, 13, 104, 3, 121, 50, 88] addr: 107 result: 184
247) wz: [101, 91, 49, 38, 71, 75, 119, 16] addr: 35 result: 35
248) wz: [101, 91, 49, 38, 71, 75, 119, 16] addr: 64 result: 64
249) wz: [77, 124, 5, 56, 103, 119, 9, 21] addr: 76 result: 76
250) wz: [85, 4, 17, 49, 0, 96, 102, 42] addr: 37 result: 37
251) wz: [85, 4, 17, 49, 0, 96, 102, 42] addr: 115 result: 115
252) wz: [35, 79, 123, 99, 2, 112, 67, 117] addr: 121 result: 121
253) wz: [95, 9, 46, 22, 66, 16, 80, 74] addr: 60 result: 60
254) wz: [95, 9, 46, 22, 66, 16, 80, 74] addr: 55 result: 55
255) wz: [8, 98, 107, 14, 34, 113, 78, 45] addr: 20 result: 20
256) wz: [76, 106, 44, 66, 34, 96, 88, 1] addr: 56 result: 56
257) wz: [76, 106, 44, 66, 34, 96, 88, 1] addr: 124 result: 124
258) wz: [117, 100, 35, 112, 73, 104, 87, 93] addr: 87 result: 225
259) wz: [84, 76, 25, 8, 16, 64, 99, 123] addr: 43 result: 43
260) wz: [84, 76, 25, 8, 16, 64, 99, 123] addr: 36 result: 36
261) wz: [32, 97, 51, 45, 123, 13, 57, 87] addr: 4 result: 4
262) wz: [24, 121, 4, 39, 107, 0, 34, 93] addr: 107 result: 193
263) wz: [24, 121, 4, 39, 107, 0, 34, 93] addr: 46 result: 46
264) wz: [5, 103, 90, 37, 19, 44, 54, 15] addr: 45 result: 210
265) wz: [32, 43, 103, 47, 12, 95, 67, 113] addr: 86 result: 86
266) wz: [32, 43, 103, 47, 12, 95, 67, 113] addr: 33 result: 130
267) wz: [17, 123, 118, 99, 74, 84, 53, 23] addr: 98 result: 98
268) wz: [36, 30, 107, 47, 117, 53, 21, 101] addr: 17 result: 17
269) wz: [36, 30, 107, 47, 117, 53, 21, 101] addr: 105 result: 105
270) wz: [12, 102, 23, 111, 90, 69, 96, 42] addr: 12 result: 129
271) wz: [97, 92, 34, 30, 53, 45, 75, 81] addr: 67 result: 67
272) wz: [97, 92, 34, 30, 53, 45, 75, 81] addr: 86 result: 86
273) wz: [11, 39, 56, 80, 68, 107, 99, 74] addr: 105 result: 105
274) wz: [15, 118, 124, 80, 38, 109, 32, 96] addr: 50 result: 50
275) wz: [15, 118, 124, 80, 38, 109, 32, 96] addr: 112 result: 216
276) wz: [46, 18, 71, 111, 26, 84, 100, 50] addr: 82 result: 82
277) wz: [44, 66, 110, 51, 56, 62, 13, 86] addr: 78 result: 78
278) wz: [44, 66, 110, 51, 56, 62, 13, 86] addr: 69 result: 152
279) wz: [28, 89, 85, 117, 58, 21, 52, 36] addr: 22 result: 210
280) wz: [46, 42, 117, 52, 36, 124, 6, 92] addr: 10 result: 10
281) wz: [46, 42, 117, 52, 36, 124, 6, 92] addr: 114 result: 114
282) wz: [118, 34, 64, 103, 107, 76, 6, 88] addr: 111 result: 111
283) wz: [24, 46, 18, 53, 37, 31, 71, 76] addr: 110 result: 110
284) wz: [24, 46, 18, 53, 37, 31, 71, 76] addr: 95 result: 95
285) wz: [66, 62, 27, 47, 78, 35, 105, 94] addr: 42 result: 42
286) wz: [55, 34, 81, 66, 76, 30, 41, 2] addr: 71 result: 71
287) wz: [55, 34, 81, 66, 76, 30, 41, 2] addr: 51 result: 51
288) wz: [57, 12, 124, 70, 32, 107, 23, 36] addr: 81 result: 81
289) wz: [102, 13, 32, 52, 25, 19, 95, 58] addr: 23 result: 23
290) wz: [102, 13, 32, 52, 25, 19, 95, 58] addr: 32 result: 161
291) wz: [106, 119, 72, 84, 123, 48, 77, 13] addr: 82 result: 82
292) wz: [35, 54, 46, 96, 64, 79, 100, 89] addr: 49 result: 168
293) wz: [35, 54, 46, 96, 64, 79, 100, 89] addr: 25 result: 25
294) wz: [119, 32, 106, 63, 88, 21, 55, 98] addr: 47 result: 47
295) wz: [40, 10, 54, 62, 21, 115, 96, 79] addr: 75 result: 75
296) wz: [40, 10, 54, 62, 21, 115, 96, 79] addr: 35 result: 35
297) wz: [68, 10, 118, 101, 50, 39, 23, 123] addr: 96 result: 96
298) wz: [98, 103, 81, 91, 109, 85, 123, 72] addr: 100 result: 132
299) wz: [98, 103, 81, 91, 109, 85, 123, 72] addr: 0 result: 0
300) wz: [122, 97, 56, 41, 16, 110, 60, 9] addr: 28 result: 28
301) wz: [28, 54, 76, 83, 66, 18, 71, 111] addr: 18 result: 209
302) wz: [28, 54, 76, 83, 66, 18, 71, 111] addr: 72 result: 226
303) wz: [14, 112, 19, 92, 116, 26, 59, 79] addr: 69 result: 69
304) wz: [108, 116, 25, 112, 41, 63, 19, 103] addr: 109 result: 130
305) wz: [108, 116, 25, 112, 41, 63, 19, 103] addr: 39 result: 39
306) wz: [73, 53, 94, 116, 42, 78, 17, 64] addr: 18 result: 226
307) wz: [79, 55, 15, 106, 10, 6, 0, 30] addr: 111 result: 111
308) wz: [79, 55, 15, 106, 10, 6, 0, 30] addr: 69 result: 69
309) wz: [52, 29, 5, 19, 57, 11, 61, 66] addr: 80 result: 80
310) wz: [77, 83, 5, 1, 33, 63, 21, 72] addr: 91 result: 91
311) wz: [77, 83, 5, 1, 33, 63, 21, 72] addr: 65 result: 212
312) wz: [34, 7, 73, 80, 22, 124, 57, 18] addr: 78 result: 78
313) wz: [89, 122, 17, 40, 22, 69, 83, 94] addr: 24 result: 196
314) wz: [89, 122, 17, 40, 22, 69, 83, 94] addr: 46 result: 46
315) wz: [13, 36, 28, 68, 49, 0, 19, 96] addr: 9 result: 9
316) wz: [15, 61, 92, 23, 100, 85, 9, 54] addr: 117 result: 117
317) wz: [15, 61, 92, 23, 100, 85, 9, 54] addr: 84 result: 84
318) wz: [107, 22, 72, 35, 98, 89, 5, 48] addr: 75 result: 168
319) wz: [49, 96, 32, 92, 67, 122, 24, 82] addr: 100 result: 100
320) wz: [49, 96, 32, 92, 67, 122, 24, 82] addr: 105 result: 105
321) wz: [41, 101, 90, 81, 2, 119, 35, 94] addr: 127 result: 127
322) wz: [57, 122, 25, 13, 99, 8, 88, 114] addr: 20 result: 20
323) wz: [57, 122, 25, 13, 99, 8, 88, 114] addr: 68 result: 68
324) wz: [82, 62, 86, 72, 2, 66, 98, 116] addr: 111 result: 111
325) wz: [93, 28, 49, 45, 3, 24, 38, 53] addr: 39 result: 226
326) wz: [93, 28, 49, 45, 3, 24, 38, 53] addr: 50 result: 162
327) wz: [15, 22, 4, 47, 27, 84, 62, 33] addr: 120 result: 120
328) wz: [24, 38, 1, 105, 93, 121, 99, 64] addr: 38 result: 145
329) wz: [24, 38, 1, 105, 93, 121, 99, 64] addr: 22 result: 22
330) wz: [52, 59, 29, 98, 18, 111, 14, 41] addr: 15 result: 226
331) wz: [92, 98, 0, 57, 39, 13, 65, 70] addr: 46 result: 46
332) wz: [92, 98, 0, 57, 39, 13, 65, 70] addr: 45 result: 45
333) wz: [42, 17, 5, 13, 22, 29, 82, 119] addr: 98 result: 98
334) wz: [11, 3, 20, 15, 73, 44, 90, 109] addr: 107 result: 107
335) wz: [11, 3, 20, 15, 73, 44, 90, 109] addr: 47 result: 216
336) wz: [90, 77, 118, 59, 9, 95, 25, 0] addr: 84 result: 84
337) wz: [75, 11, 57, 107, 112, 15, 83, 61] addr: 108 result: 178
338) wz: [75, 11, 57, 107, 112, 15, 83, 61] addr: 28 result: 28
339) wz: [18, 82, 31, 117, 12, 2, 103, 49] addr: 94 result: 94
340) wz: [102, 57, 115, 24, 75, 80, 38, 12] addr: 55 result: 55
341) wz: [102, 57, 115, 24, 75, 80, 38, 12] addr: 39 result: 226
342) wz: [36, 94, 45, 8, 75, 120, 1, 49] addr: 79 result: 79
343) wz: [121, 89, 104, 56, 29, 70, 79, 109] addr: 3 result: 3
344) wz: [121, 89, 104, 56, 29, 70, 79, 109] addr: 105 result: 162
345) wz: [86, 29, 103, 5, 41, 93, 35, 117] addr: 84 result: 84
346) wz: [93, 1, 23, 71, 77, 98, 104, 29] addr: 96 result: 136
347) wz: [93, 1, 23, 71, 77, 98, 104, 29] addr: 46 result: 46
348) wz: [98, 48, 81, 4, 121, 77, 24, 33] addr: 65 result: 65
349) wz: [0, 43, 53, 16, 36, 118, 47, 106] addr: 113 result: 113
350) wz: [0, 43, 53, 16, 36, 118, 47, 106] addr: 78 result: 78
351) wz: [2, 62, 85, 116, 94, 80, 48, 74] addr: 96 result: 196
352) wz: [0, 99, 122, 64, 112, 94, 78, 27] addr: 113 result: 194
353) wz: [0, 99, 122, 64, 112, 94, 78, 27] addr: 103 result: 103
354) wz: [4, 71, 66, 43, 83, 79, 15, 19] addr: 108 result: 108
355) wz: [74, 45, 25, 82, 35, 123, 105, 60] addr: 57 result: 57
356) wz: [74, 45, 25, 82, 35, 123, 105, 60] addr: 1 result: 1
357) wz: [59, 15, 9, 21, 30, 96, 38, 112] addr: 86 result: 86
358) wz: [92, 74, 59, 19, 26, 10, 81, 34] addr: 34 result: 241
359) wz: [92, 74, 59, 19, 26, 10, 81, 34] addr: 0 result: 0
360) wz: [92, 9, 74, 57, 67, 53, 14, 5] addr: 10 result: 146
361) wz: [104, 90, 73, 34, 27, 1, 53, 43] addr: 21 result: 21
362) wz: [104, 90, 73, 34, 27, 1, 53, 43] addr: 69 result: 69
363) wz: [111, 43, 85, 58, 22, 30, 54, 76] addr: 25 result: 200
364) wz: [22, 83, 50, 9, 57, 108, 37, 73] addr: 40 result: 232
365) wz: [22, 83, 50, 9, 57, 108, 37, 73] addr: 48 result: 48
366) wz: [120, 79, 58, 48, 88, 6, 112, 72] addr: 92 result: 92
367) wz: [66, 106, 5, 24, 89, 85, 34, 20] addr: 13 result: 13
368) wz: [66, 106, 5, 24, 89, 85, 34, 20] addr: 77 result: 77
369) wz: [52, 92, 73, 63, 118, 99, 11, 57] addr: 44 result: 44
370) wz: [3, 65, 106, 101, 121, 97, 14, 42] addr: 109 result: 168
371) wz: [3, 65, 106, 101, 121, 97, 14, 42] addr: 100 result: 216
372) wz: [61, 102, 1, 119, 38, 8, 111, 86] addr: 44 result: 44
373) wz: [114, 62, 99, 92, 109, 68, 76, 33] addr: 70 result: 212
374) wz: [114, 62, 99, 92, 109, 68, 76, 33] addr: 36 result: 248
375) wz: [86, 96, 106, 74, 43, 0, 92, 16] addr: 75 result: 178
376) wz: [15, 116, 8, 78, 0, 41, 62, 28] addr: 116 result: 145
377) wz: [15, 116, 8, 78, 0, 41, 62, 28] addr: 2 result: 196
378) wz: [108, 93, 101, 13, 29, 81, 35, 120] addr: 61 result: 61
379) wz: [44, 106, 14, 102, 59, 55, 0, 25] addr: 61 result: 196
380) wz: [44, 106, 14, 102, 59, 55, 0, 25] addr: 58 result: 216
381) wz: [113, 84, 43, 9, 15, 25, 103, 66] addr: 74 result: 74
382) wz: [23, 53, 16, 58, 67, 101, 10, 2] addr: 33 result: 33
383) wz: [23, 53, 16, 58, 67, 101, 10, 2] addr: 81 result: 81
384) wz: [89, 5, 58, 67, 107, 121, 9, 41] addr: 63 result: 63
385) wz: [38, 78, 115, 62, 3, 24, 19, 68] addr: 3 result: 193
386) wz: [38, 78, 115, 62, 3, 24, 19, 68] addr: 14 result: 14
387) wz: [46, 20, 110, 10, 79, 83, 42, 25] addr: 15 result: 15
388) wz: [117, 28, 20, 64, 35, 40, 112, 7] addr: 122 result: 122
389) wz: [117, 28, 20, 64, 35, 40, 112, 7] addr: 110 result: 110
390) wz: [37, 52, 96, 79, 89, 115, 72, 63] addr: 67 result: 67
391) wz: [60, 85, 0, 97, 15, 113, 109, 123] addr: 15 result: 193
392) wz: [60, 85, 0, 97, 15, 113, 109, 123] addr: 19 result: 19
393) wz: [97, 37, 18, 64, 47, 75, 14, 103] addr: 98 result: 130
394) wz: [114, 79, 12, 100, 85, 2, 49, 95] addr: 60 result: 60
395) wz: [114, 79, 12, 100, 85, 2, 49, 95] addr: 99 result: 99
396) wz: [108, 36, 60, 51, 84, 5, 12, 42] addr: 54 result: 184
397) wz: [108, 40, 65, 34, 16, 54, 69, 84] addr: 103 result: 103
398) wz: [108, 40, 65, 34, 16, 54, 69, 84] addr: 30 result: 30
399) wz: [56, 12, 6, 119, 84, 77, 44, 19] addr: 104 result: 104
400) wz: [98, 82, 46, 38, 16, 54, 34, 111] addr: 48 result: 164
401) wz: [98, 82, 46, 38, 16, 54, 34, 111] addr: 81 result: 81
402) wz: [99, 42, 54, 92, 82, 18, 29, 3] addr: 44 result: 148
403) wz: [92, 69, 32, 109, 27, 96, 53, 60] addr: 13 result: 13
404) wz: [92, 69, 32, 109, 27, 96, 53, 60] addr: 33 result: 162
405) wz: [55, 100, 96, 42, 82, 62, 31, 6] addr: 91 result: 91
406) wz: [69, 87, 2, 32, 114, 55, 6, 119] addr: 126 result: 126
407) wz: [69, 87, 2, 32, 114, 55, 6, 119] addr: 94 result: 94
408) wz: [26, 15, 119, 123, 96, 47, 82, 101] addr: 53 result: 53
409) wz: [88, 55, 77, 51, 100, 33, 42, 15] addr: 96 result: 96
410) wz: [88, 55, 77, 51, 100, 33, 42, 15] addr: 69 result: 69
411) wz: [37, 44, 65, 120, 33, 105, 55, 14] addr: 69 result: 69
412) wz: [119, 53, 87, 70, 124, 39, 9, 110] addr: 81 result: 81
413) wz: [119, 53, 87, 70, 124, 39, 9, 110] addr: 109 result: 109
414) wz: [10, 53, 4, 119, 111, 94, 35, 74] addr: 59 result: 59
415) wz: [3, 80, 89, 41, 105, 17, 36, 9] addr: 95 result: 95
416) wz: [3, 80, 89, 41, 105, 17, 36, 9] addr: 13 result: 13
417) wz: [59, 29, 71, 51, 114, 44, 100, 108] addr: 100 result: 225
418) wz: [6, 86, 80, 11, 112, 97, 124, 106] addr: 116 result: 116
419) wz: [6, 86, 80, 11, 112, 97, 124, 106] addr: 20 result: 20
420) wz: [73, 5, 42, 51, 92, 104, 9, 30] addr: 54 result: 184
421) wz: [24, 102, 72, 106, 95, 46, 29, 76] addr: 53 result: 53
422) wz: [24, 102, 72, 106, 95, 46, 29, 76] addr: 101 result: 101
423) wz: [105, 14, 41, 95, 27, 73, 0, 117] addr: 6 result: 6
424) wz: [49, 106, 29, 68, 1, 118, 86, 22] addr: 6 result: 6
425) wz: [49, 106, 29, 68, 1, 118, 86, 22] addr: 104 result: 104
426) wz: [94, 106, 71, 31, 63, 43, 67, 49] addr: 47 result: 47
427) wz: [94, 58, 5, 75, 10, 68, 103, 36] addr: 9 result: 9
428) wz: [94, 58, 5, 75, 10, 68, 103, 36] addr: 51 result: 51
429) wz: [99, 76, 108, 121, 29, 70, 103, 84] addr: 44 result: 44
430) wz: [14, 20, 37, 51, 122, 47, 115, 6] addr: 6 result: 241
431) wz: [14, 20, 37, 51, 122, 47, 115, 6] addr: 7 result: 242
432) wz: [109, 44, 27, 19, 113, 104, 62, 39] addr: 9 result: 9
433) wz: [54, 86, 42, 90, 32, 79, 97, 10] addr: 92 result: 180
434) wz: [54, 86, 42, 90, 32, 79, 97, 10] addr: 76 result: 76
435) wz: [51, 40, 72, 114, 100, 4, 118, 32] addr: 91 result: 91
436) wz: [106, 22, 38, 100, 18, 73, 68, 119] addr: 114 result: 114
437) wz: [106, 22, 38, 100, 18, 73, 68, 119] addr: 5 result: 5
438) wz: [62, 27, 93, 110, 17, 41, 82, 106] addr: 92 result: 92
439) wz: [64, 18, 111, 117, 89, 29, 85, 95] addr: 54 result: 54
440) wz: [64, 18, 111, 117, 89, 29, 85, 95] addr: 32 result: 216
441) wz: [13, 42, 8, 54, 96, 60, 89, 74] addr: 34 result: 34
442) wz: [31, 78, 83, 64, 56, 40, 25, 92] addr: 72 result: 72
443) wz: [31, 78, 83, 64, 56, 40, 25, 92] addr: 85 result: 164
444) wz: [92, 104, 121, 13, 9, 34, 49, 82] addr: 3 result: 3
445) wz: [52, 124, 0, 88, 61, 44, 102, 31] addr: 25 result: 25
446) wz: [52, 124, 0, 88, 61, 44, 102, 31] addr: 51 result: 51
447) wz: [15, 78, 57, 19, 74, 106, 24, 0] addr: 23 result: 23
448) wz: [72, 48, 55, 85, 90, 102, 37, 115] addr: 92 result: 196
449) wz: [72, 48, 55, 85, 90, 102, 37, 115] addr: 13 result: 13
450) wz: [50, 1, 75, 67, 60, 119, 30, 110] addr: 46 result: 46
451) wz: [116, 89, 25, 64, 84, 101, 124, 20] addr: 89 result: 145
452) wz: [116, 89, 25, 64, 84, 101, 124, 20] addr: 87 result: 200
453) wz: [53, 37, 117, 72, 13, 46, 68, 103] addr: 107 result: 107
454) wz: [92, 9, 76, 54, 43, 1, 33, 104] addr: 78 result: 164
455) wz: [92, 9, 76, 54, 43, 1, 33, 104] addr: 105 result: 242
456) wz: [94, 44, 59, 115, 90, 2, 124, 101] addr: 19 result: 19
457) wz: [62, 39, 113, 52, 81, 22, 108, 76] addr: 4 result: 4
458) wz: [62, 39, 113, 52, 81, 22, 108, 76] addr: 63 result: 130
459) wz: [63, 46, 30, 79, 67, 108, 17, 115] addr: 81 result: 180
460) wz: [4, 44, 98, 69, 20, 93, 107, 24] addr: 28 result: 28
461) wz: [4, 44, 98, 69, 20, 93, 107, 24] addr: 15 result: 15
462) wz: [18, 117, 66, 93, 46, 73, 54, 77] addr: 109 result: 109
463) wz: [71, 32, 47, 1, 66, 110, 95, 5] addr: 95 result: 225
464) wz: [71, 32, 47, 1, 66, 110, 95, 5] addr: 85 result: 85
465) wz: [103, 28, 9, 74, 65, 113, 109, 52] addr: 46 result: 46
466) wz: [105, 122, 47, 14, 28, 41, 10, 4] addr: 69 result: 69
467) wz: [105, 122, 47, 14, 28, 41, 10, 4] addr: 93 result: 93
468) wz: [24, 12, 61, 86, 104, 0, 114, 38] addr: 74 result: 74
469) wz: [60, 5, 114, 70, 120, 77, 30, 43] addr: 31 result: 226
470) wz: [60, 5, 114, 70, 120, 77, 30, 43] addr: 119 result: 119
471) wz: [48, 74, 89, 36, 44, 80, 118, 30] addr: 109 result: 109
472) wz: [18, 113, 38, 75, 106, 48, 32, 99] addr: 16 result: 16
473) wz: [18, 113, 38, 75, 106, 48, 32, 99] addr: 90 result: 90
474) wz: [85, 40, 50, 9, 77, 59, 69, 29] addr: 43 result: 152
475) wz: [22, 13, 3, 105, 93, 80, 100, 55] addr: 122 result: 122
476) wz: [22, 13, 3, 105, 93, 80, 100, 55] addr: 18 result: 18
477) wz: [15, 55, 107, 70, 35, 111, 88, 11] addr: 127 result: 127
478) wz: [23, 120, 84, 48, 97, 108, 39, 55] addr: 87 result: 168
479) wz: [23, 120, 84, 48, 97, 108, 39, 55] addr: 96 result: 96
480) wz: [19, 33, 78, 52, 59, 85, 65, 71] addr: 65 result: 225
481) wz: [71, 112, 95, 82, 15, 22, 41, 26] addr: 23 result: 210
482) wz: [71, 112, 95, 82, 15, 22, 41, 26] addr: 11 result: 11
483) wz: [24, 83, 17, 30, 114, 70, 3, 77] addr: 98 result: 98
484) wz: [67, 111, 41, 75, 28, 51, 89, 57] addr: 30 result: 196
485) wz: [67, 111, 41, 75, 28, 51, 89, 57] addr: 96 result: 96
486) wz: [108, 45, 99, 38, 80, 6, 14, 70] addr: 35 result: 35
487) wz: [52, 73, 23, 87, 16, 40, 102, 115] addr: 58 result: 58
488) wz: [52, 73, 23, 87, 16, 40, 102, 115] addr: 112 result: 112
489) wz: [61, 70, 49, 56, 31, 91, 9, 19] addr: 75 result: 75
490) wz: [107, 70, 118, 90, 33, 81, 11, 43] addr: 73 result: 152
491) wz: [107, 70, 118, 90, 33, 81, 11, 43] addr: 62 result: 62
492) wz: [55, 33, 6, 2, 123, 40, 47, 113] addr: 56 result: 130
493) wz: [39, 14, 70, 53, 81, 49, 95, 64] addr: 122 result: 122
494) wz: [39, 14, 70, 53, 81, 49, 95, 64] addr: 106 result: 106
495) wz: [49, 105, 11, 37, 61, 118, 124, 22] addr: 83 result: 83
496) wz: [3, 49, 108, 25, 35, 88, 84, 43] addr: 103 result: 103
497) wz: [3, 49, 108, 25, 35, 88, 84, 43] addr: 91 result: 216
498) wz: [123, 2, 35, 101, 14, 60, 83, 19] addr: 19 result: 241
499) wz: [55, 103, 19, 118, 6, 13, 124, 107] addr: 111 result: 111
500) wz: [55, 103, 19, 118, 6, 13, 124, 107] addr: 79 result: 79
501) wz: [22, 71, 95, 45, 49, 82, 29, 124] addr: 8 result: 8
502) wz: [21, 108, 44, 87, 34, 60, 71, 52] addr: 94 result: 94
503) wz: [21, 108, 44, 87, 34, 60, 71, 52] addr: 97 result: 97
504) wz: [65, 70, 86, 21, 75, 91, 114, 106] addr: 47 result: 47
505) wz: [104, 69, 86, 50, 30, 116, 15, 4] addr: 14 result: 14
506) wz: [104, 69, 86, 50, 30, 116, 15, 4] addr: 38 result: 38
507) wz: [28, 80, 4, 74, 16, 23, 41, 120] addr: 43 result: 228
508) wz: [55, 76, 19, 0, 48, 32, 63, 41] addr: 56 result: 130
509) wz: [55, 76, 19, 0, 48, 32, 63, 41] addr: 32 result: 209
510) wz: [113, 11, 19, 88, 38, 106, 121, 29] addr: 47 result: 47
511) wz: [9, 69, 91, 79, 107, 99, 118, 85] addr: 107 result: 193
512) wz: [9, 69, 91, 79, 107, 99, 118, 85] addr: 10 result: 130
513) wz: [63, 36, 45, 119, 11, 90, 69, 102] addr: 99 result: 99
514) wz: [75, 4, 20, 107, 35, 58, 101, 114] addr: 97 result: 97
515) wz: [75, 4, 20, 107, 35, 58, 101, 114] addr: 49 result: 49
516) wz: [113, 47, 76, 90, 0, 109, 12, 54] addr: 112 result: 216
517) wz: [7, 36, 118, 56, 79, 89, 27, 15] addr: 70 result: 70
518) wz: [7, 36, 118, 56, 79, 89, 27, 15] addr: 122 result: 122
519) wz: [0, 116, 13, 52, 78, 20, 9, 36] addr: 116 result: 145
520) wz: [69, 4, 119, 0, 14, 10, 109, 31] addr: 107 result: 107
521) wz: [69, 4, 119, 0, 14, 10, 109, 31] addr: 97 result: 97
522) wz: [34, 82, 15, 6, 54, 110, 87, 48] addr: 112 result: 212
523) wz: [31, 45, 3, 18, 37, 105, 65, 86] addr: 93 result: 93
524) wz: [31, 45, 3, 18, 37, 105, 65, 86] addr: 0 result: 0
525) wz: [108, 7, 44, 29, 17, 50, 64, 55] addr: 125 result: 125
526) wz: [84, 102, 118, 97, 89, 108, 10, 52] addr: 89 result: 193
527) wz: [84, 102, 118, 97, 89, 108, 10, 52] addr: 59 result: 59
528) wz: [18, 76, 6, 26, 98, 80, 119, 46] addr: 19 result: 130
529) wz: [50, 56, 14, 102, 77, 67, 89, 63] addr: 21 result: 21
530) wz: [50, 56, 14, 102, 77, 67, 89, 63] addr: 59 result: 152
531) wz: [29, 122, 24, 92, 6, 78, 15, 102] addr: 64 result: 64
532) wz: [29, 18, 59, 109, 79, 94, 9, 121] addr: 39 result: 39
533) wz: [29, 18, 59, 109, 79, 94, 9, 121] addr: 87 result: 87
534) wz: [84, 66, 74, 89, 51, 27, 99, 122] addr: 115 result: 115
535) wz: [111, 28, 96, 86, 78, 10, 90, 74] addr: 126 result: 126
536) wz: [111, 28, 96, 86, 78, 10, 90, 74] addr: 40 result: 40
537) wz: [55, 42, 68, 76, 37, 3, 49, 113] addr: 7 result: 7
538) wz: [51, 124, 66, 88, 39, 114, 55, 99] addr: 8 result: 8
539) wz: [51, 124, 66, 88, 39, 114, 55, 99] addr: 119 result: 119
540) wz: [14, 26, 103, 21, 83, 87, 109, 43] addr: 98 result: 98
541) wz: [77, 41, 110, 103, 68, 12, 4, 118] addr: 91 result: 91
542) wz: [77, 41, 110, 103, 68, 12, 4, 118] addr: 106 result: 184
543) wz: [75, 124, 33, 81, 13, 19, 37, 92] addr: 70 result: 70
544) wz: [7, 119, 86, 18, 124, 75, 46, 11] addr: 109 result: 109
545) wz: [7, 119, 86, 18, 124, 75, 46, 11] addr: 5 result: 5
546) wz: [7, 19, 121, 43, 36, 76, 54, 28] addr: 51 result: 51
547) wz: [63, 110, 51, 38, 42, 100, 22, 34] addr: 17 result: 17
548) wz: [63, 110, 51, 38, 42, 100, 22, 34] addr: 121 result: 121
549) wz: [85, 54, 108, 1, 74, 29, 22, 44] addr: 123 result: 123
550) wz: [15, 84, 48, 97, 43, 62, 3, 74] addr: 100 result: 184
551) wz: [15, 84, 48, 97, 43, 62, 3, 74] addr: 86 result: 148
552) wz: [29, 44, 2, 122, 99, 51, 81, 72] addr: 46 result: 148
553) wz: [25, 56, 82, 11, 16, 7, 77, 119] addr: 121 result: 244
554) wz: [25, 56, 82, 11, 16, 7, 77, 119] addr: 34 result: 34
555) wz: [23, 105, 12, 79, 29, 64, 83, 50] addr: 41 result: 41
556) wz: [37, 18, 56, 82, 49, 71, 27, 10] addr: 31 result: 31
557) wz: [37, 18, 56, 82, 49, 71, 27, 10] addr: 32 result: 32
558) wz: [5, 104, 26, 1, 110, 83, 71, 49] addr: 3 result: 180
559) wz: [17, 101, 66, 57, 74, 91, 95, 1] addr: 70 result: 70
560) wz: [17, 101, 66, 57, 74, 91, 95, 1] addr: 124 result: 124
561) wz: [35, 107, 56, 91, 71, 75, 27, 22] addr: 85 result: 85
562) wz: [48, 90, 11, 122, 34, 29, 23, 41] addr: 46 result: 46
563) wz: [48, 90, 11, 122, 34, 29, 23, 41] addr: 62 result: 62
564) wz: [36, 49, 120, 22, 97, 115, 107, 18] addr: 85 result: 85
565) wz: [117, 98, 105, 76, 87, 82, 37, 113] addr: 94 result: 94
566) wz: [117, 98, 105, 76, 87, 82, 37, 113] addr: 69 result: 69
567) wz: [68, 39, 117, 27, 96, 18, 8, 113] addr: 13 result: 13
568) wz: [6, 16, 37, 60, 49, 69, 20, 27] addr: 127 result: 127
569) wz: [6, 16, 37, 60, 49, 69, 20, 27] addr: 88 result: 88
570) wz: [18, 48, 98, 67, 105, 86, 42, 90] addr: 13 result: 13
571) wz: [80, 37, 100, 2, 74, 93, 52, 25] addr: 34 result: 34
572) wz: [80, 37, 100, 2, 74, 93, 52, 25] addr: 92 result: 92
573) wz: [27, 78, 122, 7, 42, 47, 65, 105] addr: 72 result: 72
574) wz: [71, 110, 52, 40, 105, 61, 85, 98] addr: 4 result: 4
575) wz: [71, 110, 52, 40, 105, 61, 85, 98] addr: 95 result: 95
576) wz: [52, 61, 30, 118, 65, 47, 69, 26] addr: 126 result: 126
577) wz: [102, 34, 118, 54, 62, 21, 122, 14] addr: 48 result: 48
578) wz: [102, 34, 118, 54, 62, 21, 122, 14] addr: 43 result: 43
579) wz: [91, 6, 23, 95, 34, 67, 11, 63] addr: 70 result: 216
580) wz: [88, 28, 55, 113, 15, 96, 40, 21] addr: 10 result: 10
581) wz: [88, 28, 55, 113, 15, 96, 40, 21] addr: 47 result: 47
582) wz: [82, 122, 116, 12, 90, 24, 112, 20] addr: 39 result: 39
583) wz: [80, 71, 108, 17, 62, 8, 46, 102] addr: 6 result: 6
584) wz: [80, 71, 108, 17, 62, 8, 46, 102] addr: 23 result: 23
585) wz: [121, 7, 115, 98, 82, 46, 103, 86] addr: 9 result: 148
586) wz: [87, 45, 113, 15, 102, 106, 11, 22] addr: 30 result: 30
587) wz: [87, 45, 113, 15, 102, 106, 11, 22] addr: 15 result: 177
588) wz: [89, 62, 17, 30, 6, 66, 110, 42] addr: 66 result: 209
589) wz: [36, 78, 70, 45, 15, 23, 28, 0] addr: 35 result: 35
590) wz: [36, 78, 70, 45, 15, 23, 28, 0] addr: 51 result: 51
591) wz: [35, 2, 27, 79, 101, 42, 16, 121] addr: 81 result: 180
592) wz: [106, 77, 16, 68, 52, 31, 36, 122] addr: 95 result: 95
593) wz: [106, 77, 16, 68, 52, 31, 36, 122] addr: 30 result: 30
594) wz: [10, 111, 6, 89, 95, 104, 26, 63] addr: 42 result: 42
595) wz: [5, 115, 97, 66, 41, 75, 35, 54] addr: 97 result: 161
596) wz: [5, 115, 97, 66, 41, 75, 35, 54] addr: 2 result: 2
597) wz: [68, 54, 93, 44, 24, 58, 16, 85] addr: 45 result: 178
598) wz: [122, 63, 22, 42, 116, 16, 71, 53] addr: 80 result: 80
599) wz: [122, 63, 22, 42, 116, 16, 71, 53] addr: 73 result: 228
600) wz: [55, 91, 14, 112, 87, 107, 97, 60] addr: 36 result: 36
601) wz: [61, 103, 6, 119, 22, 93, 30, 16] addr: 69 result: 69
602) wz: [61, 103, 6, 119, 22, 93, 30, 16] addr: 61 result: 129
603) wz: [53, 81, 19, 90, 35, 29, 95, 106] addr: 124 result: 124
604) wz: [2, 72, 45, 84, 116, 22, 105, 64] addr: 14 result: 14
605) wz: [2, 72, 45, 84, 116, 22, 105, 64] addr: 69 result: 69
606) wz: [70, 23, 116, 48, 36, 66, 101, 14] addr: 43 result: 43
607) wz: [13, 43, 31, 65, 88, 98, 54, 120] addr: 20 result: 20
608) wz: [13, 43, 31, 65, 88, 98, 54, 120] addr: 52 result: 52
609) wz: [113, 3, 7, 57, 89, 102, 18, 122] addr: 111 result: 111
610) wz: [60, 19, 114, 12, 52, 102, 68, 72] addr: 101 result: 101
611) wz: [60, 19, 114, 12, 52, 102, 68, 72] addr: 3 result: 3
612) wz: [105, 59, 28, 87, 65, 10, 53, 21] addr: 120 result: 120
613) wz: [62, 81, 122, 91, 96, 30, 22, 42] addr: 18 result: 18
614) wz: [62, 81, 122, 91, 96, 30, 22, 42] addr: 40 result: 40
615) wz: [117, 1, 66, 38, 121, 59, 88, 34] addr: 100 result: 100
616) wz: [111, 27, 7, 54, 37, 33, 49, 88] addr: 38 result: 194
617) wz: [111, 27, 7, 54, 37, 33, 49, 88] addr: 100 result: 100
618) wz: [0, 37, 52, 47, 108, 88, 9, 65] addr: 0 result: 129
619) wz: [49, 16, 35, 61, 11, 119, 40, 112] addr: 76 result: 76
620) wz: [49, 16, 35, 61, 11, 119, 40, 112] addr: 120 result: 210
621) wz: [55, 34, 39, 1, 74, 5, 86, 14] addr: 61 result: 61
622) wz: [0, 97, 33, 48, 76, 62, 86, 118] addr: 61 result: 61
623) wz: [0, 97, 33, 48, 76, 62, 86, 118] addr: 87 result: 226
624) wz: [90, 76, 6, 106, 97, 44, 14, 40] addr: 48 result: 48
625) wz: [92, 21, 104, 77, 119, 59, 55, 7] addr: 120 result: 194
626) wz: [92, 21, 104, 77, 119, 59, 55, 7] addr: 85 result: 85
627) wz: [81, 124, 91, 0, 28, 85, 21, 63] addr: 46 result: 46
628) wz: [82, 114, 101, 53, 48, 39, 0, 72] addr: 15 result: 15
629) wz: [82, 114, 101, 53, 48, 39, 0, 72] addr: 54 result: 178
630) wz: [16, 106, 31, 90, 74, 37, 24, 118] addr: 97 result: 97
631) wz: [40, 71, 124, 78, 87, 60, 24, 91] addr: 32 result: 32
632) wz: [40, 71, 124, 78, 87, 60, 24, 91] addr: 3 result: 3
633) wz: [24, 38, 8, 52, 85, 74, 124, 106] addr: 89 result: 89
634) wz: [23, 124, 64, 55, 38, 90, 109, 117] addr: 16 result: 16
635) wz: [23, 124, 64, 55, 38, 90, 109, 117] addr: 95 result: 95
636) wz: [61, 47, 86, 26, 114, 68, 101, 107] addr: 5 result: 5
637) wz: [48, 119, 88, 80, 36, 28, 107, 72] addr: 16 result: 16
638) wz: [48, 119, 88, 80, 36, 28, 107, 72] addr: 82 result: 180
639) wz: [57, 98, 30, 45, 41, 19, 114, 124] addr: 45 result: 177
640) wz: [19, 1, 45, 64, 116, 95, 107, 7] addr: 55 result: 55
641) wz: [19, 1, 45, 64, 116, 95, 107, 7] addr: 104 result: 104
642) wz: [38, 52, 46, 84, 92, 114, 27, 6] addr: 8 result: 244
643) wz: [75, 79, 123, 99, 64, 33, 6, 115] addr: 25 result: 25
644) wz: [75, 79, 123, 99, 64, 33, 6, 115] addr: 108 result: 108
645) wz: [20, 108, 76, 72, 8, 66, 124, 96] addr: 15 result: 15
646) wz: [37, 9, 0, 5, 77, 60, 113, 43] addr: 40 result: 136
647) wz: [37, 9, 0, 5, 77, 60, 113, 43] addr: 6 result: 178
648) wz: [38, 105, 42, 118, 84, 18, 76, 50] addr: 53 result: 248
649) wz: [23, 6, 96, 16, 38, 79, 75, 91] addr: 81 result: 212
650) wz: [23, 6, 96, 16, 38, 79, 75, 91] addr: 23 result: 129
651) wz: [7, 94, 85, 45, 60, 22, 28, 69] addr: 54 result: 54
652) wz: [26, 8, 16, 4, 117, 50, 98, 63] addr: 112 result: 112
653) wz: [26, 8, 16, 4, 117, 50, 98, 63] addr: 44 result: 44
654) wz: [79, 28, 46, 16, 95, 107, 66, 75] addr: 48 result: 164
655) wz: [66, 44, 62, 4, 36, 23, 99, 85] addr: 114 result: 114
656) wz: [66, 44, 62, 4, 36, 23, 99, 85] addr: 9 result: 9
657) wz: [68, 101, 53, 83, 87, 34, 2, 94] addr: 10 result: 10
658) wz: [98, 112, 77, 22, 91, 102, 13, 6] addr: 113 result: 146
659) wz: [98, 112, 77, 22, 91, 102, 13, 6] addr: 93 result: 196
660) wz: [6, 80, 106, 2, 120, 47, 33, 75] addr: 2 result: 177
661) wz: [47, 107, 28, 94, 24, 83, 34, 58] addr: 60 result: 244
662) wz: [47, 107, 28, 94, 24, 83, 34, 58] addr: 24 result: 193
663) wz: [57, 89, 32, 47, 6, 77, 51, 0] addr: 85 result: 85
664) wz: [103, 76, 5, 61, 121, 66, 19, 0] addr: 125 result: 125
665) wz: [103, 76, 5, 61, 121, 66, 19, 0] addr: 13 result: 13
666) wz: [66, 82, 77, 8, 73, 52, 87, 108] addr: 49 result: 49
667) wz: [58, 48, 121, 0, 43, 109, 87, 103] addr: 68 result: 68
668) wz: [58, 48, 121, 0, 43, 109, 87, 103] addr: 4 result: 4
669) wz: [10, 36, 70, 119, 100, 83, 95, 108] addr: 110 result: 244
670) wz: [82, 66, 98, 121, 26, 49, 21, 38] addr: 89 result: 89
671) wz: [82, 66, 98, 121, 26, 49, 21, 38] addr: 96 result: 96
672) wz: [40, 101, 56, 116, 61, 120, 6, 106] addr: 63 result: 196
673) wz: [100, 9, 50, 68, 63, 42, 15, 29] addr: 106 result: 106
674) wz: [100, 9, 50, 68, 63, 42, 15, 29] addr: 99 result: 99
675) wz: [124, 60, 1, 86, 81, 72, 120, 41] addr: 115 result: 115
676) wz: [1, 69, 123, 95, 107, 53, 103, 64] addr: 28 result: 28
677) wz: [1, 69, 123, 95, 107, 53, 103, 64] addr: 56 result: 216
678) wz: [1, 100, 40, 119, 82, 58, 63, 112] addr: 30 result: 30
679) wz: [105, 44, 53, 80, 6, 97, 123, 26] addr: 30 result: 30
680) wz: [105, 44, 53, 80, 6, 97, 123, 26] addr: 47 result: 152
681) wz: [98, 36, 116, 124, 17, 63, 9, 25] addr: 89 result: 89
682) wz: [3, 106, 54, 30, 23, 46, 75, 123] addr: 1 result: 1
683) wz: [3, 106, 54, 30, 23, 46, 75, 123] addr: 105 result: 105
684) wz: [72, 43, 93, 32, 101, 14, 116, 0] addr: 92 result: 92
685) wz: [99, 87, 0, 106, 92, 22, 49, 59] addr: 67 result: 67
686) wz: [99, 87, 0, 106, 92, 22, 49, 59] addr: 60 result: 242
687) wz: [34, 53, 41, 72, 81, 111, 115, 63] addr: 108 result: 108
688) wz: [20, 87, 111, 32, 3, 28, 92, 78] addr: 71 result: 71
689) wz: [20, 87, 111, 32, 3, 28, 92, 78] addr: 11 result: 11
690) wz: [14, 5, 93, 113, 47, 38, 61, 106] addr: 11 result: 11
691) wz: [98, 27, 44, 57, 63, 81, 71, 85] addr: 70 result: 70
692) wz: [98, 27, 44, 57, 63, 81, 71, 85] addr: 53 result: 53
693) wz: [73, 123, 28, 81, 119, 91, 47, 99] addr: 121 result: 196
694) wz: [83, 104, 120, 97, 16, 63, 54, 71] addr: 1 result: 1
695) wz: [83, 104, 120, 97, 16, 63, 54, 71] addr: 108 result: 108
696) wz: [109, 36, 70, 20, 90, 50, 86, 102] addr: 117 result: 117
697) wz: [80, 25, 57, 4, 0, 112, 13, 41] addr: 127 result: 127
698) wz: [80, 25, 57, 4, 0, 112, 13, 41] addr: 82 result: 132
699) wz: [7, 94, 38, 74, 114, 14, 103, 122] addr: 25 result: 25
700) wz: [1, 61, 21, 97, 47, 115, 41, 92] addr: 8 result: 8
701) wz: [1, 61, 21, 97, 47, 115, 41, 92] addr: 107 result: 107
702) wz: [13, 73, 122, 28, 0, 22, 67, 50] addr: 36 result: 36
703) wz: [119, 94, 10, 87, 72, 81, 27, 2] addr: 101 result: 101
704) wz: [119, 94, 10, 87, 72, 81, 27, 2] addr: 105 result: 105
705) wz: [26, 60, 109, 122, 2, 84, 12, 70] addr: 12 result: 225
706) wz: [101, 117, 8, 1, 65, 53, 92, 46] addr: 110 result: 110
707) wz: [101, 117, 8, 1, 65, 53, 92, 46] addr: 34 result: 34
708) wz: [1, 27, 75, 120, 59, 11, 32, 124] addr: 10 result: 10
709) wz: [81, 31, 97, 0, 124, 17, 48, 85] addr: 110 result: 110
710) wz: [81, 31, 97, 0, 124, 17, 48, 85] addr: 51 result: 232
711) wz: [10, 55, 32, 59, 118, 123, 71, 91] addr: 57 result: 148
712) wz: [91, 70, 50, 21, 114, 118, 75, 27] addr: 97 result: 97
713) wz: [91, 70, 50, 21, 114, 118, 75, 27] addr: 71 result: 146
714) wz: [16, 78, 34, 30, 94, 102, 40, 82] addr: 99 result: 99
715) wz: [45, 97, 110, 54, 76, 33, 16, 117] addr: 100 result: 152
716) wz: [45, 97, 110, 54, 76, 33, 16, 117] addr: 85 result: 85
717) wz: [62, 82, 50, 109, 119, 44, 9, 92] addr: 60 result: 60
718) wz: [122, 68, 80, 46, 6, 41, 18, 109] addr: 90 result: 90
719) wz: [122, 68, 80, 46, 6, 41, 18, 109] addr: 111 result: 244
720) wz: [122, 61, 67, 39, 75, 99, 4, 25] addr: 114 result: 114
721) wz: [15, 73, 93, 34, 87, 110, 39, 116] addr: 121 result: 121
722) wz: [15, 73, 93, 34, 87, 110, 39, 116] addr: 55 result: 55
723) wz: [109, 53, 88, 12, 41, 63, 28, 100] addr: 65 result: 212
724) wz: [100, 75, 21, 52, 108, 69, 34, 79] addr: 27 result: 27
725) wz: [100, 75, 21, 52, 108, 69, 34, 79] addr: 8 result: 8
726) wz: [76, 30, 57, 46, 102, 40, 88, 36] addr: 40 result: 209
727) wz: [87, 22, 73, 107, 12, 40, 5, 31] addr: 90 result: 136
728) wz: [87, 22, 73, 107, 12, 40, 5, 31] addr: 4 result: 4
729) wz: [14, 84, 22, 43, 0, 8, 92, 123] addr: 1 result: 194
730) wz: [21, 36, 0, 80, 41, 9, 55, 84] addr: 72 result: 72
731) wz: [21, 36, 0, 80, 41, 9, 55, 84] addr: 87 result: 248
732) wz: [92, 63, 3, 80, 57, 112, 108, 10] addr: 12 result: 244
733) wz: [74, 14, 63, 51, 4, 59, 102, 95] addr: 31 result: 31
734) wz: [74, 14, 63, 51, 4, 59, 102, 95] addr: 26 result: 26
735) wz: [99, 78, 56, 64, 29, 3, 47, 38] addr: 107 result: 107
736) wz: [121, 73, 52, 114, 100, 106, 48, 91] addr: 3 result: 3
737) wz: [121, 73, 52, 114, 100, 106, 48, 91] addr: 42 result: 42
738) wz: [19, 94, 45, 23, 78, 63, 1, 13] addr: 2 result: 226
739) wz: [41, 61, 74, 5, 120, 113, 104, 1] addr: 19 result: 19
740) wz: [41, 61, 74, 5, 120, 113, 104, 1] addr: 88 result: 88
741) wz: [122, 104, 18, 24, 8, 113, 87, 41] addr: 56 result: 56
742) wz: [53, 11, 48, 112, 120, 16, 108, 100] addr: 89 result: 89
743) wz: [53, 11, 48, 112, 120, 16, 108, 100] addr: 112 result: 177
744) wz: [30, 41, 90, 49, 7, 117, 105, 83] addr: 22 result: 22
745) wz: [10, 58, 69, 26, 30, 4, 0, 20] addr: 6 result: 212
746) wz: [10, 58, 69, 26, 30, 4, 0, 20] addr: 102 result: 102
747) wz: [67, 21, 122, 30, 82, 8, 111, 104] addr: 103 result: 103
748) wz: [48, 71, 14, 62, 111, 24, 100, 36] addr: 51 result: 136
749) wz: [48, 71, 14, 62, 111, 24, 100, 36] addr: 57 result: 57
750) wz: [64, 53, 0, 46, 6, 33, 68, 86] addr: 54 result: 146
751) wz: [5, 80, 19, 11, 51, 36, 120, 62] addr: 30 result: 30
752) wz: [5, 80, 19, 11, 51, 36, 120, 62] addr: 2 result: 2
753) wz: [103, 12, 83, 5, 59, 107, 45, 112] addr: 17 result: 17
754) wz: [6, 112, 91, 34, 45, 66, 57, 82] addr: 109 result: 109
755) wz: [6, 112, 91, 34, 45, 66, 57, 82] addr: 1 result: 1
756) wz: [69, 87, 76, 24, 17, 63, 122, 81] addr: 32 result: 32
757) wz: [6, 29, 1, 106, 72, 89, 95, 84] addr: 97 result: 228
758) wz: [6, 29, 1, 106, 72, 89, 95, 84] addr: 78 result: 78
759) wz: [109, 18, 32, 7, 71, 67, 45, 57] addr: 67 result: 209
760) wz: [58, 19, 70, 36, 113, 96, 108, 26] addr: 46 result: 46
761) wz: [58, 19, 70, 36, 113, 96, 108, 26] addr: 36 result: 177
762) wz: [17, 71, 22, 76, 36, 92, 96, 83] addr: 22 result: 161
763) wz: [3, 29, 119, 123, 35, 24, 60, 68] addr: 58 result: 58
764) wz: [3, 29, 119, 123, 35, 24, 60, 68] addr: 72 result: 72
765) wz: [58, 120, 44, 25, 111, 34, 103, 18] addr: 110 result: 110
766) wz: [123, 25, 106, 72, 60, 54, 78, 9] addr: 124 result: 130
767) wz: [123, 25, 106, 72, 60, 54, 78, 9] addr: 52 result: 52
768) wz: [78, 118, 25, 98, 108, 13, 102, 5] addr: 119 result: 146
769) wz: [104, 73, 7, 99, 123, 90, 47, 43] addr: 74 result: 146
770) wz: [104, 73, 7, 99, 123, 90, 47, 43] addr: 16 result: 16
771) wz: [64, 86, 22, 38, 71, 50, 124, 56] addr: 71 result: 193
772) wz: [74, 88, 110, 121, 56, 4, 116, 42] addr: 28 result: 28
773) wz: [74, 88, 110, 121, 56, 4, 116, 42] addr: 76 result: 132
774) wz: [27, 22, 38, 3, 44, 93, 34, 58] addr: 24 result: 148
775) wz: [60, 116, 85, 30, 69, 105, 11, 79] addr: 78 result: 78
776) wz: [60, 116, 85, 30, 69, 105, 11, 79] addr: 112 result: 112
777) wz: [40, 77, 96, 29, 117, 19, 50, 70] addr: 68 result: 68
778) wz: [27, 3, 16, 121, 47, 72, 67, 35] addr: 3 result: 145
779) wz: [27, 3, 16, 121, 47, 72, 67, 35] addr: 80 result: 80
780) wz: [63, 49, 33, 107, 29, 82, 5, 87] addr: 65 result: 132
781) wz: [68, 76, 98, 64, 103, 89, 43, 2] addr: 18 result: 18
782) wz: [68, 76, 98, 64, 103, 89, 43, 2] addr: 62 result: 62
783) wz: [78, 92, 46, 10, 20, 122, 27, 88] addr: 8 result: 8
784) wz: [23, 74, 78, 123, 38, 5, 0, 29] addr: 35 result: 35
785) wz: [23, 74, 78, 123, 38, 5, 0, 29] addr: 79 result: 162
786) wz: [76, 7, 16, 113, 29, 62, 48, 55] addr: 41 result: 41
787) wz: [50, 91, 76, 105, 58, 35, 119, 85] addr: 12 result: 12
788) wz: [50, 91, 76, 105, 58, 35, 119, 85] addr: 76 result: 161
789) wz: [46, 100, 14, 8, 121, 95, 59, 76] addr: 1 result: 1
790) wz: [75, 28, 39, 60, 84, 51, 118, 105] addr: 59 result: 59
791) wz: [75, 28, 39, 60, 84, 51, 118, 105] addr: 57 result: 57
792) wz: [64, 55, 123, 15, 59, 96, 27, 91] addr: 72 result: 72
793) wz: [24, 9, 101, 65, 39, 50, 108, 15] addr: 56 result: 56
794) wz: [24, 9, 101, 65, 39, 50, 108, 15] addr: 120 result: 120
795) wz: [59, 2, 79, 64, 9, 102, 29, 72] addr: 77 result: 77
796) wz: [116, 63, 31, 25, 73, 40, 92, 18] addr: 16 result: 16
797) wz: [116, 63, 31, 25, 73, 40, 92, 18] addr: 102 result: 102
798) wz: [113, 121, 47, 58, 24, 102, 30, 4] addr: 29 result: 29
799) wz: [101, 31, 105, 67, 46, 59, 71, 14] addr: 85 result: 85
800) wz: [101, 31, 105, 67, 46, 59, 71, 14] addr: 50 result: 50
801) wz: [68, 46, 89, 106, 101, 6, 60, 24] addr: 37 result: 37
802) wz: [110, 16, 81, 120, 58, 31, 114, 68] addr: 29 result: 29
803) wz: [110, 16, 81, 120, 58, 31, 114, 68] addr: 61 result: 200
804) wz: [117, 39, 16, 75, 4, 86, 59, 53] addr: 92 result: 92
805) wz: [47, 109, 93, 23, 56, 9, 88, 83] addr: 125 result: 125
806) wz: [47, 109, 93, 23, 56, 9, 88, 83] addr: 116 result: 116
807) wz: [98, 8, 68, 12, 29, 78, 43, 0] addr: 93 result: 93
808) wz: [83, 9, 55, 96, 66, 88, 36, 21] addr: 122 result: 122
809) wz: [83, 9, 55, 96, 66, 88, 36, 21] addr: 19 result: 19
810) wz: [100, 57, 9, 64, 42, 73, 87, 0] addr: 99 result: 99
811) wz: [111, 115, 119, 52, 37, 9, 70, 28] addr: 93 result: 93
812) wz: [111, 115, 119, 52, 37, 9, 70, 28] addr: 90 result: 90
813) wz: [25, 84, 120, 37, 19, 55, 49, 62] addr: 28 result: 136
814) wz: [61, 91, 49, 116, 107, 15, 71, 36] addr: 66 result: 66
815) wz: [61, 91, 49, 116, 107, 15, 71, 36] addr: 69 result: 69
816) wz: [44, 15, 5, 64, 39, 115, 103, 51] addr: 47 result: 136
817) wz: [66, 51, 73, 20, 0, 112, 84, 41] addr: 41 result: 241
818) wz: [66, 51, 73, 20, 0, 112, 84, 41] addr: 23 result: 184
819) wz: [82, 29, 61, 78, 65, 14, 120, 105] addr: 90 result: 90
820) wz: [66, 84, 105, 101, 58, 9, 109, 73] addr: 103 result: 180
821) wz: [66, 84, 105, 101, 58, 9, 109, 73] addr: 32 result: 32
822) wz: [85, 115, 5, 68, 92, 108, 74, 123] addr: 28 result: 28
823) wz: [121, 1, 75, 110, 80, 7, 11, 99] addr: 99 result: 241
824) wz: [121, 1, 75, 110, 80, 7, 11, 99] addr: 23 result: 23
825) wz: [77, 3, 82, 54, 60, 48, 93, 109] addr: 14 result: 14
826) wz: [98, 122, 56, 76, 15, 109, 103, 0] addr: 8 result: 8
827) wz: [98, 122, 56, 76, 15, 109, 103, 0] addr: 8 result: 8
828) wz: [98, 26, 113, 118, 15, 44, 58, 40] addr: 60 result: 228
829) wz: [3, 108, 11, 79, 57, 73, 62, 87] addr: 64 result: 228
830) wz: [3, 108, 11, 79, 57, 73, 62, 87] addr: 38 result: 38
831) wz: [1, 52, 72, 30, 109, 12, 63, 23] addr: 72 result: 161
832) wz: [93, 78, 101, 65, 69, 105, 22, 17] addr: 127 result: 127
833) wz: [93, 78, 101, 65, 69, 105, 22, 17] addr: 5 result: 5
834) wz: [102, 0, 87, 72, 116, 4, 91, 81] addr: 23 result: 23
835) wz: [74, 47, 38, 123, 23, 1, 68, 51] addr: 127 result: 127
836) wz: [74, 47, 38, 123, 23, 1, 68, 51] addr: 48 result: 146
837) wz: [44, 2, 51, 35, 59, 113, 78, 39] addr: 4 result: 148
838) wz: [85, 4, 111, 80, 64, 36, 75, 41] addr: 40 result: 40
839) wz: [85, 4, 111, 80, 64, 36, 75, 41] addr: 13 result: 13
840) wz: [124, 95, 16, 43, 83, 112, 47, 36] addr: 102 result: 102
841) wz: [111, 49, 90, 39, 62, 29, 3, 76] addr: 51 result: 148
842) wz: [111, 49, 90, 39, 62, 29, 3, 76] addr: 71 result: 71
843) wz: [95, 122, 17, 45, 106, 34, 51, 114] addr: 83 result: 83
844) wz: [63, 92, 104, 8, 109, 58, 12, 124] addr: 23 result: 23
845) wz: [63, 92, 104, 8, 109, 58, 12, 124] addr: 47 result: 47
846) wz: [33, 10, 47, 28, 14, 82, 39, 76] addr: 40 result: 226
847) wz: [124, 103, 4, 63, 114, 97, 110, 50] addr: 49 result: 49
848) wz: [124, 103, 4, 63, 114, 97, 110, 50] addr: 28 result: 28
849) wz: [56, 94, 17, 23, 98, 120, 62, 103] addr: 126 result: 126
850) wz: [30, 24, 81, 38, 96, 5, 59, 69] addr: 57 result: 57
851) wz: [30, 24, 81, 38, 96, 5, 59, 69] addr: 20 result: 20
852) wz: [109, 123, 25, 65, 49, 72, 32, 39] addr: 122 result: 122
853) wz: [80, 123, 106, 34, 24, 16, 52, 110] addr: 65 result: 65
854) wz: [80, 123, 106, 34, 24, 16, 52, 110] addr: 16 result: 209
855) wz: [47, 116, 9, 84, 29, 56, 74, 98] addr: 29 result: 193
856) wz: [96, 55, 30, 22, 116, 48, 8, 71] addr: 53 result: 53
857) wz: [96, 55, 30, 22, 116, 48, 8, 71] addr: 6 result: 6
858) wz: [99, 13, 72, 39, 28, 61, 2, 68] addr: 6 result: 6
859) wz: [124, 39, 72, 8, 59, 45, 31, 97] addr: 57 result: 57
860) wz: [124, 39, 72, 8, 59, 45, 31, 97] addr: 123 result: 123
861) wz: [75, 56, 28, 49, 3, 114, 96, 105] addr: 123 result: 123
862) wz: [33, 65, 90, 54, 27, 10, 115, 48] addr: 28 result: 194
863) wz: [33, 65, 90, 54, 27, 10, 115, 48] addr: 107 result: 107
864) wz: [111, 78, 87, 51, 102, 47, 118, 39] addr: 25 result: 25
865) wz: [74, 67, 60, 30, 42, 37, 84, 123] addr: 40 result: 216
866) wz: [74, 67, 60, 30, 42, 37, 84, 123] addr: 4 result: 4
867) wz: [116, 12, 79, 38, 57, 68, 96, 45] addr: 11 result: 11
868) wz: [61, 122, 9, 52, 90, 117, 97, 1] addr: 39 result: 39
869) wz: [61, 122, 9, 52, 90, 117, 97, 1] addr: 77 result: 77
870) wz: [70, 74, 38, 1, 118, 80, 15, 10] addr: 76 result: 148
871) wz: [56, 61, 100, 87, 71, 123, 32, 8] addr: 29 result: 29
872) wz: [56, 61, 100, 87, 71, 123, 32, 8] addr: 52 result: 52
873) wz: [40, 71, 55, 59, 24, 100, 28, 117] addr: 97 result: 97
874) wz: [91, 17, 110, 86, 121, 9, 66, 116] addr: 96 result: 96
875) wz: [91, 17, 110, 86, 121, 9, 66, 116] addr: 13 result: 13
876) wz: [20, 119, 105, 5, 60, 89, 82, 69] addr: 95 result: 95
877) wz: [57, 50, 111, 9, 122, 97, 85, 28] addr: 52 result: 148
878) wz: [57, 50, 111, 9, 122, 97, 85, 28] addr: 79 result: 79
879) wz: [67, 72, 85, 24, 20, 62, 15, 98] addr: 24 result: 177
880) wz: [14, 40, 45, 7, 123, 90, 70, 78] addr: 52 result: 52
881) wz: [14, 40, 45, 7, 123, 90, 70, 78] addr: 94 result: 94
882) wz: [69, 33, 86, 124, 56, 104, 6, 65] addr: 119 result: 119
883) wz: [89, 59, 107, 52, 11, 75, 119, 111] addr: 1 result: 1
884) wz: [89, 59, 107, 52, 11, 75, 119, 111] addr: 87 result: 87
885) wz: [56, 1, 34, 66, 116, 80, 75, 41] addr: 6 result: 6
886) wz: [86, 11, 98, 28, 61, 55, 33, 92] addr: 29 result: 178
887) wz: [86, 11, 98, 28, 61, 55, 33, 92] addr: 105 result: 105
888) wz: [113, 75, 32, 12, 62, 44, 50, 85] addr: 18 result: 18
889) wz: [20, 112, 63, 25, 69, 92, 106, 116] addr: 103 result: 103
890) wz: [20, 112, 63, 25, 69, 92, 106, 116] addr: 100 result: 100
891) wz: [6, 11, 110, 69, 63, 47, 99, 2] addr: 92 result: 92
892) wz: [11, 63, 117, 28, 89, 105, 7, 123] addr: 79 result: 79
893) wz: [11, 63, 117, 28, 89, 105, 7, 123] addr: 33 result: 33
894) wz: [14, 49, 111, 86, 39, 6, 35, 18] addr: 59 result: 59
895) wz: [78, 49, 72, 95, 9, 89, 0, 39] addr: 103 result: 103
896) wz: [78, 49, 72, 95, 9, 89, 0, 39] addr: 117 result: 117
897) wz: [49, 97, 23, 1, 35, 124, 69, 102] addr: 92 result: 92
898) wz: [68, 2, 49, 115, 82, 98, 35, 64] addr: 115 result: 177
899) wz: [68, 2, 49, 115, 82, 98, 35, 64] addr: 49 result: 161
900) wz: [118, 87, 83, 71, 40, 56, 67, 107] addr: 107 result: 241
901) wz: [5, 100, 109, 56, 40, 85, 78, 18] addr: 26 result: 26
902) wz: [5, 100, 109, 56, 40, 85, 78, 18] addr: 92 result: 92
903) wz: [94, 21, 41, 26, 51, 106, 82, 55] addr: 72 result: 72
904) wz: [92, 38, 42, 110, 97, 31, 58, 22] addr: 54 result: 54
905) wz: [92, 38, 42, 110, 97, 31, 58, 22] addr: 31 result: 209
906) wz: [115, 59, 25, 99, 2, 87, 14, 107] addr: 37 result: 37
907) wz: [25, 65, 86, 112, 97, 124, 20, 42] addr: 71 result: 71
908) wz: [25, 65, 86, 112, 97, 124, 20, 42] addr: 16 result: 16
909) wz: [88, 33, 25, 44, 51, 20, 101, 108] addr: 117 result: 117
910) wz: [111, 11, 53, 49, 23, 58, 1, 77] addr: 36 result: 36
911) wz: [111, 11, 53, 49, 23, 58, 1, 77] addr: 25 result: 196
912) wz: [30, 120, 16, 94, 105, 61, 57, 6] addr: 97 result: 184
913) wz: [118, 39, 34, 1, 67, 104, 30, 93] addr: 75 result: 75
914) wz: [118, 39, 34, 1, 67, 104, 30, 93] addr: 94 result: 242
915) wz: [116, 99, 25, 44, 10, 104, 32, 0] addr: 9 result: 9
916) wz: [64, 36, 98, 1, 72, 76, 44, 56] addr: 110 result: 110
917) wz: [64, 36, 98, 1, 72, 76, 44, 56] addr: 100 result: 164
918) wz: [33, 121, 75, 86, 40, 97, 114, 60] addr: 109 result: 109
919) wz: [107, 36, 42, 11, 97, 86, 93, 73] addr: 98 result: 194
920) wz: [107, 36, 42, 11, 97, 86, 93, 73] addr: 83 result: 83
921) wz: [50, 46, 36, 9, 83, 112, 104, 118] addr: 51 result: 130
922) wz: [87, 103, 60, 1, 81, 6, 69, 11] addr: 25 result: 25
923) wz: [87, 103, 60, 1, 81, 6, 69, 11] addr: 18 result: 18
924) wz: [89, 107, 122, 39, 93, 77, 71, 49] addr: 106 result: 106
925) wz: [43, 86, 16, 98, 90, 82, 37, 55] addr: 121 result: 121
926) wz: [43, 86, 16, 98, 90, 82, 37, 55] addr: 81 result: 81
927) wz: [59, 83, 114, 102, 31, 119, 14, 21] addr: 86 result: 152
928) wz: [110, 73, 1, 104, 31, 52, 16, 68] addr: 66 result: 66
929) wz: [110, 73, 1, 104, 31, 52, 16, 68] addr: 80 result: 80
930) wz: [83, 49, 68, 54, 58, 0, 42, 19] addr: 124 result: 124
931) wz: [12, 81, 56, 69, 120, 98, 110, 85] addr: 19 result: 19
932) wz: [12, 81, 56, 69, 120, 98, 110, 85] addr: 120 result: 193
933) wz: [48, 77, 22, 96, 62, 58, 112, 106] addr: 36 result: 36
934) wz: [89, 74, 120, 66, 98, 81, 57, 34] addr: 41 result: 41
935) wz: [89, 74, 120, 66, 98, 81, 57, 34] addr: 69 result: 184
936) wz: [10, 108, 44, 103, 80, 25, 73, 0] addr: 112 result: 112
937) wz: [60, 35, 78, 48, 101, 11, 41, 84] addr: 113 result: 113
938) wz: [60, 35, 78, 48, 101, 11, 41, 84] addr: 56 result: 56
939) wz: [97, 71, 44, 1, 102, 30, 21, 14] addr: 30 result: 209
940) wz: [102, 88, 118, 108, 46, 39, 123, 58] addr: 46 result: 193
941) wz: [102, 88, 118, 108, 46, 39, 123, 58] addr: 112 result: 112
942) wz: [109, 51, 124, 96, 40, 79, 14, 89] addr: 72 result: 72
943) wz: [57, 83, 92, 51, 45, 69, 124, 106] addr: 77 result: 77
944) wz: [57, 83, 92, 51, 45, 69, 124, 106] addr: 25 result: 25
945) wz: [107, 65, 37, 9, 31, 16, 114, 80] addr: 72 result: 72
946) wz: [69, 25, 98, 7, 94, 88, 82, 104] addr: 58 result: 58
947) wz: [69, 25, 98, 7, 94, 88, 82, 104] addr: 104 result: 241
948) wz: [5, 78, 108, 30, 61, 24, 67, 94] addr: 24 result: 209
949) wz: [17, 118, 104, 100, 40, 54, 48, 83] addr: 122 result: 122
950) wz: [17, 118, 104, 100, 40, 54, 48, 83] addr: 97 result: 97
951) wz: [16, 69, 88, 119, 54, 98, 113, 93] addr: 125 result: 125
952) wz: [32, 102, 90, 82, 109, 66, 86, 121] addr: 3 result: 3
953) wz: [32, 102, 90, 82, 109, 66, 86, 121] addr: 14 result: 14
954) wz: [23, 74, 114, 103, 93, 4, 56, 0] addr: 100 result: 100
955) wz: [8, 103, 80, 74, 4, 21, 65, 86] addr: 101 result: 101
956) wz: [8, 103, 80, 74, 4, 21, 65, 86] addr: 41 result: 41
957) wz: [92, 86, 68, 38, 24, 49, 34, 114] addr: 106 result: 106
958) wz: [16, 39, 107, 67, 75, 4, 85, 56] addr: 24 result: 24
959) wz: [16, 39, 107, 67, 75, 4, 85, 56] addr: 28 result: 28
960) wz: [113, 97, 19, 54, 15, 84, 92, 102] addr: 68 result: 68
961) wz: [121, 90, 71, 78, 58, 101, 65, 16] addr: 73 result: 164
962) wz: [121, 90, 71, 78, 58, 101, 65, 16] addr: 91 result: 146
963) wz: [12, 99, 68, 84, 28, 7, 121, 53] addr: 38 result: 38
964) wz: [78, 1, 37, 32, 82, 122, 52, 101] addr: 1 result: 145
965) wz: [78, 1, 37, 32, 82, 122, 52, 101] addr: 20 result: 20
966) wz: [5, 21, 115, 88, 97, 43, 1, 74] addr: 21 result: 145
967) wz: [31, 120, 71, 67, 113, 35, 108, 95] addr: 67 result: 177
968) wz: [31, 120, 71, 67, 113, 35, 108, 95] addr: 2 result: 2
969) wz: [34, 44, 0, 21, 8, 16, 29, 83] addr: 66 result: 66
970) wz: [1, 105, 110, 87, 29, 17, 119, 95] addr: 51 result: 51
971) wz: [1, 105, 110, 87, 29, 17, 119, 95] addr: 10 result: 10
972) wz: [0, 66, 36, 47, 21, 27, 42, 112] addr: 56 result: 56
973) wz: [38, 63, 46, 78, 25, 54, 69, 73] addr: 119 result: 119
974) wz: [38, 63, 46, 78, 25, 54, 69, 73] addr: 89 result: 89
975) wz: [11, 18, 110, 117, 26, 104, 53, 73] addr: 46 result: 46
976) wz: [64, 109, 43, 14, 117, 8, 74, 91] addr: 16 result: 180
977) wz: [64, 109, 43, 14, 117, 8, 74, 91] addr: 18 result: 18
978) wz: [4, 89, 77, 124, 33, 93, 102, 49] addr: 103 result: 226
979) wz: [85, 94, 37, 28, 10, 4, 90, 0] addr: 46 result: 46
980) wz: [85, 94, 37, 28, 10, 4, 90, 0] addr: 24 result: 24
981) wz: [10, 91, 109, 45, 60, 104, 66, 4] addr: 116 result: 116
982) wz: [78, 84, 26, 65, 124, 109, 118, 19] addr: 26 result: 161
983) wz: [78, 84, 26, 65, 124, 109, 118, 19] addr: 12 result: 12
984) wz: [61, 106, 102, 39, 86, 45, 121, 114] addr: 50 result: 50
985) wz: [32, 74, 39, 96, 70, 78, 104, 8] addr: 43 result: 43
986) wz: [32, 74, 39, 96, 70, 78, 104, 8] addr: 81 result: 216
987) wz: [2, 122, 74, 94, 102, 67, 10, 47] addr: 9 result: 9
988) wz: [61, 95, 46, 34, 24, 18, 84, 41] addr: 61 result: 129
989) wz: [61, 95, 46, 34, 24, 18, 84, 41] addr: 94 result: 94
990) wz: [118, 23, 73, 41, 89, 101, 0, 28] addr: 104 result: 216
991) wz: [98, 31, 106, 70, 111, 42, 51, 80] addr: 18 result: 18
992) wz: [98, 31, 106, 70, 111, 42, 51, 80] addr: 29 result: 29
993) wz: [31, 52, 48, 40, 62, 26, 44, 114] addr: 103 result: 103
994) wz: [5, 13, 121, 78, 117, 100, 1, 63] addr: 22 result: 22
995) wz: [5, 13, 121, 78, 117, 100, 1, 63] addr: 91 result: 91
996) wz: [72, 47, 38, 13, 65, 31, 101, 4] addr: 88 result: 88
997) wz: [99, 32, 68, 20, 74, 109, 56, 25] addr: 13 result: 13
998) wz: [99, 32, 68, 20, 74, 109, 56, 25] addr: 44 result: 44
999) wz: [85, 123, 43, 100, 62, 32, 27, 93] addr: 35 result: 216
1000) wz: [26, 1, 33, 47, 86, 73, 55, 100] addr: 0 result: 0
1001) wz: [26, 1, 33, 47, 86, 73, 55, 100] addr: 76 result: 216
1002) wz: [15, 4, 41, 21, 57, 33, 80, 94] addr: 82 result: 228
1003) wz: [69, 55, 15, 40, 95, 46, 121, 65] addr: 16 result: 162
1004) wz: [69, 55, 15, 40, 95, 46, 121, 65] addr: 66 result: 242
1005) wz: [93, 60, 106, 99, 69, 6, 78, 30] addr: 75 result: 75
1006) wz: [48, 10, 75, 91, 28, 114, 60, 86] addr: 127 result: 127
1007) wz: [48, 10, 75, 91, 28, 114, 60, 86] addr: 65 result: 65
1008) wz: [21, 6, 65, 82, 92, 30, 116, 51] addr: 126 result: 126
1009) wz: [110, 30, 121, 4, 0, 85, 19, 61] addr: 118 result: 118
1010) wz: [110, 30, 121, 4, 0, 85, 19, 61] addr: 99 result: 99
1011) wz: [40, 19, 94, 10, 60, 120, 113, 49] addr: 9 result: 9
1012) wz: [78, 116, 111, 60, 18, 23, 86, 33] addr: 39 result: 39
1013) wz: [78, 116, 111, 60, 18, 23, 86, 33] addr: 19 result: 194
1014) wz: [99, 13, 107, 37, 33, 72, 94, 18] addr: 54 result: 54
1015) wz: [22, 0, 117, 89, 113, 63, 11, 40] addr: 59 result: 59
1016) wz: [22, 0, 117, 89, 113, 63, 11, 40] addr: 50 result: 50
1017) wz: [78, 104, 1, 23, 85, 19, 28, 55] addr: 35 result: 35
1018) wz: [79, 0, 8, 36, 17, 22, 103, 26] addr: 65 result: 65
1019) wz: [79, 0, 8, 36, 17, 22, 103, 26] addr: 46 result: 46
1020) wz: [67, 10, 102, 15, 109, 85, 51, 4] addr: 33 result: 33
1021) wz: [54, 46, 36, 116, 21, 104, 79, 4] addr: 74 result: 74
1022) wz: [54, 46, 36, 116, 21, 104, 79, 4] addr: 86 result: 86
1023) wz: [53, 60, 74, 92, 46, 21, 34, 3] addr: 107 result: 107
1024) wz: [30, 0, 7, 68, 16, 43, 117, 87] addr: 37 result: 37
1025) wz: [30, 0, 7, 68, 16, 43, 117, 87] addr: 49 result: 49
1026) wz: [104, 98, 25, 113, 81, 55, 89, 93] addr: 122 result: 122
1027) wz: [86, 101, 70, 16, 90, 117, 24, 112] addr: 32 result: 32
1028) wz: [86, 101, 70, 16, 90, 117, 24, 112] addr: 47 result: 47
1029) wz: [34, 15, 52, 96, 8, 92, 122, 112] addr: 76 result: 76
1030) wz: [121, 39, 87, 22, 103, 114, 50, 73] addr: 103 result: 193
1031) wz: [121, 39, 87, 22, 103, 114, 50, 73] addr: 41 result: 148
1032) wz: [79, 31, 61, 56, 46, 23, 51, 85] addr: 62 result: 162
1033) wz: [110, 76, 85, 58, 16, 51, 6, 99] addr: 12 result: 12
1034) wz: [110, 76, 85, 58, 16, 51, 6, 99] addr: 48 result: 48
1035) wz: [23, 108, 86, 15, 91, 63, 6, 72] addr: 109 result: 146
1036) wz: [29, 89, 38, 78, 66, 71, 111, 10] addr: 98 result: 98
1037) wz: [29, 89, 38, 78, 66, 71, 111, 10] addr: 25 result: 25
1038) wz: [27, 80, 0, 92, 15, 5, 46, 108] addr: 51 result: 51
1039) wz: [98, 22, 8, 80, 74, 111, 37, 115] addr: 72 result: 72
1040) wz: [98, 22, 8, 80, 74, 111, 37, 115] addr: 110 result: 110
1041) wz: [70, 91, 80, 105, 99, 65, 18, 48] addr: 79 result: 79
1042) wz: [102, 91, 36, 23, 1, 113, 49, 30] addr: 90 result: 90
1043) wz: [102, 91, 36, 23, 1, 113, 49, 30] addr: 73 result: 73
1044) wz: [2, 50, 25, 122, 109, 44, 32, 93] addr: 118 result: 118
1045) wz: [0, 36, 10, 44, 85, 19, 48, 53] addr: 63 result: 63
1046) wz: [0, 36, 10, 44, 85, 19, 48, 53] addr: 66 result: 66
1047) wz: [86, 42, 95, 7, 121, 79, 27, 113] addr: 5 result: 5
1048) wz: [124, 107, 34, 9, 43, 96, 116, 20] addr: 22 result: 244
1049) wz: [124, 107, 34, 9, 43, 96, 116, 20] addr: 120 result: 120
1050) wz: [39, 84, 119, 107, 80, 18, 6, 31] addr: 98 result: 98
1051) wz: [118, 122, 78, 6, 19, 107, 113, 69] addr: 80 result: 164
1052) wz: [118, 122, 78, 6, 19, 107, 113, 69] addr: 16 result: 16
1053) wz: [123, 100, 20, 48, 61, 106, 87, 29] addr: 18 result: 18
1054) wz: [28, 5, 44, 64, 81, 34, 113, 13] addr: 7 result: 148
1055) wz: [28, 5, 44, 64, 81, 34, 113, 13] addr: 49 result: 49
1056) wz: [1, 39, 78, 63, 99, 33, 69, 21] addr: 13 result: 13
1057) wz: [120, 1, 86, 53, 75, 81, 47, 91] addr: 96 result: 96
1058) wz: [120, 1, 86, 53, 75, 81, 47, 91] addr: 54 result: 178
1059) wz: [2, 98, 89, 74, 119, 19, 29, 7] addr: 44 result: 44
1060) wz: [92, 80, 16, 105, 46, 29, 123, 34] addr: 25 result: 25
1061) wz: [92, 80, 16, 105, 46, 29, 123, 34] addr: 68 result: 68
1062) wz: [66, 116, 29, 54, 120, 89, 81, 23] addr: 86 result: 86
1063) wz: [45, 24, 83, 112, 72, 41, 76, 120] addr: 1 result: 1
1064) wz: [45, 24, 83, 112, 72, 41, 76, 120] addr: 91 result: 91
1065) wz: [101, 78, 43, 65, 38, 61, 16, 88] addr: 74 result: 74
1066) wz: [55, 35, 41, 122, 49, 30, 20, 96] addr: 18 result: 18
1067) wz: [55, 35, 41, 122, 49, 30, 20, 96] addr: 12 result: 12
1068) wz: [17, 116, 51, 75, 60, 89, 83, 25] addr: 100 result: 100
1069) wz: [112, 124, 54, 24, 63, 38, 47, 98] addr: 40 result: 212
1070) wz: [112, 124, 54, 24, 63, 38, 47, 98] addr: 102 result: 102
1071) wz: [86, 43, 20, 10, 111, 55, 102, 98] addr: 92 result: 92
1072) wz: [104, 117, 44, 79, 13, 59, 39, 99] addr: 62 result: 216
1073) wz: [104, 117, 44, 79, 13, 59, 39, 99] addr: 9 result: 9
1074) wz: [0, 66, 116, 72, 19, 79, 89, 46] addr: 65 result: 65
1075) wz: [82, 44, 107, 103, 28, 113, 20, 49] addr: 121 result: 121
1076) wz: [82, 44, 107, 103, 28, 113, 20, 49] addr: 35 result: 35
1077) wz: [110, 17, 83, 27, 77, 89, 70, 5] addr: 25 result: 25
1078) wz: [5, 112, 17, 31, 85, 67, 81, 49] addr: 3 result: 3
1079) wz: [5, 112, 17, 31, 85, 67, 81, 49] addr: 40 result: 40
1080) wz: [109, 86, 20, 1, 28, 53, 75, 113] addr: 32 result: 32
1081) wz: [93, 85, 48, 0, 100, 124, 111, 81] addr: 85 result: 145
1082) wz: [93, 85, 48, 0, 100, 124, 111, 81] addr: 110 result: 110
1083) wz: [32, 76, 16, 117, 89, 1, 9, 56] addr: 88 result: 88
1084) wz: [34, 50, 84, 27, 42, 66, 121, 114] addr: 3 result: 3
1085) wz: [34, 50, 84, 27, 42, 66, 121, 114] addr: 115 result: 242
1086) wz: [43, 94, 70, 48, 121, 22, 65, 106] addr: 107 result: 242
1087) wz: [55, 117, 108, 94, 86, 81, 4, 63] addr: 107 result: 107
1088) wz: [55, 117, 108, 94, 86, 81, 4, 63] addr: 114 result: 114
1089) wz: [50, 74, 43, 17, 111, 81, 35, 117] addr: 48 result: 48
1090) wz: [116, 110, 124, 15, 76, 30, 58, 10] addr: 2 result: 2
1091) wz: [116, 110, 124, 15, 76, 30, 58, 10] addr: 92 result: 92
1092) wz: [65, 72, 85, 108, 14, 80, 99, 29] addr: 57 result: 57
1093) wz: [59, 54, 76, 90, 4, 112, 68, 72] addr: 121 result: 121
1094) wz: [59, 54, 76, 90, 4, 112, 68, 72] addr: 122 result: 122
1095) wz: [116, 40, 102, 57, 64, 32, 21, 92] addr: 41 result: 146
1096) wz: [31, 25, 76, 90, 113, 46, 103, 86] addr: 53 result: 53
1097) wz: [31, 25, 76, 90, 113, 46, 103, 86] addr: 96 result: 96
1098) wz: [21, 69, 75, 120, 0, 108, 88, 25] addr: 22 result: 130
1099) wz: [21, 81, 9, 117, 61, 98, 0, 29] addr: 113 result: 113
1100) wz: [21, 81, 9, 117, 61, 98, 0, 29] addr: 10 result: 162
1101) wz: [97, 73, 54, 25, 18, 103, 62, 90] addr: 65 result: 232
1102) wz: [50, 99, 12, 121, 28, 76, 41, 64] addr: 42 result: 226
1103) wz: [50, 99, 12, 121, 28, 76, 41, 64] addr: 119 result: 119
1104) wz: [61, 76, 109, 44, 94, 53, 90, 3] addr: 123 result: 123
1105) wz: [34, 95, 52, 19, 108, 44, 85, 2] addr: 119 result: 119
1106) wz: [34, 95, 52, 19, 108, 44, 85, 2] addr: 71 result: 71
1107) wz: [38, 110, 61, 77, 17, 86, 100, 118] addr: 100 result: 225
1108) wz: [34, 116, 2, 87, 77, 39, 106, 29] addr: 2 result: 161
1109) wz: [34, 116, 2, 87, 77, 39, 106, 29] addr: 108 result: 228
1110) wz: [29, 17, 116, 60, 24, 42, 68, 81] addr: 84 result: 248
1111) wz: [18, 112, 49, 75, 40, 116, 55, 84] addr: 1 result: 1
1112) wz: [18, 112, 49, 75, 40, 116, 55, 84] addr: 119 result: 216
1113) wz: [51, 38, 7, 123, 11, 17, 100, 112] addr: 13 result: 196
1114) wz: [2, 66, 99, 89, 111, 74, 57, 50] addr: 126 result: 126
1115) wz: [2, 66, 99, 89, 111, 74, 57, 50] addr: 90 result: 178
1116) wz: [40, 78, 21, 16, 9, 28, 90, 121] addr: 26 result: 26
1117) wz: [87, 33, 79, 74, 112, 106, 93, 27] addr: 25 result: 25
1118) wz: [87, 33, 79, 74, 112, 106, 93, 27] addr: 52 result: 52
1119) wz: [26, 19, 100, 32, 119, 106, 55, 82] addr: 11 result: 11
1120) wz: [97, 60, 114, 56, 107, 102, 86, 46] addr: 12 result: 12
1121) wz: [97, 60, 114, 56, 107, 102, 86, 46] addr: 90 result: 90
1122) wz: [55, 28, 123, 86, 13, 22, 35, 9] addr: 44 result: 44
1123) wz: [3, 116, 100, 104, 24, 32, 74, 121] addr: 53 result: 53
1124) wz: [3, 116, 100, 104, 24, 32, 74, 121] addr: 58 result: 58
1125) wz: [18, 111, 2, 69, 41, 103, 90, 115] addr: 65 result: 65
1126) wz: [79, 21, 12, 73, 31, 114, 109, 8] addr: 3 result: 3
1127) wz: [79, 21, 12, 73, 31, 114, 109, 8] addr: 83 result: 83
1128) wz: [25, 94, 62, 39, 7, 66, 103, 18] addr: 10 result: 200
1129) wz: [56, 85, 40, 108, 115, 80, 103, 94] addr: 91 result: 91
1130) wz: [56, 85, 40, 108, 115, 80, 103, 94] addr: 65 result: 65
1131) wz: [104, 6, 15, 32, 70, 92, 54, 46] addr: 9 result: 152
1132) wz: [103, 91, 5, 109, 123, 86, 95, 38] addr: 95 result: 225
1133) wz: [103, 91, 5, 109, 123, 86, 95, 38] addr: 15 result: 15
1134) wz: [79, 29, 107, 68, 90, 44, 75, 101] addr: 12 result: 12
1135) wz: [99, 7, 60, 111, 76, 53, 44, 18] addr: 33 result: 33
1136) wz: [99, 7, 60, 111, 76, 53, 44, 18] addr: 74 result: 74
1137) wz: [102, 120, 46, 10, 23, 37, 90, 124] addr: 0 result: 0
1138) wz: [78, 43, 13, 103, 23, 17, 112, 61] addr: 125 result: 125
1139) wz: [78, 43, 13, 103, 23, 17, 112, 61] addr: 78 result: 129
1140) wz: [13, 19, 24, 49, 109, 53, 61, 6] addr: 88 result: 88
1141) wz: [100, 9, 15, 110, 32, 70, 60, 50] addr: 67 result: 67
1142) wz: [100, 9, 15, 110, 32, 70, 60, 50] addr: 78 result: 78
1143) wz: [95, 68, 39, 81, 62, 72, 22, 114] addr: 18 result: 18
1144) wz: [92, 36, 16, 108, 53, 4, 84, 26] addr: 64 result: 64
1145) wz: [92, 36, 16, 108, 53, 4, 84, 26] addr: 35 result: 35
1146) wz: [79, 97, 102, 63, 124, 17, 25, 106] addr: 57 result: 57
1147) wz: [7, 69, 85, 38, 15, 59, 112, 89] addr: 114 result: 228
1148) wz: [7, 69, 85, 38, 15, 59, 112, 89] addr: 9 result: 132
1149) wz: [64, 1, 17, 23, 73, 9, 119, 27] addr: 83 result: 83
1150) wz: [120, 72, 66, 111, 23, 86, 95, 54] addr: 16 result: 16
1151) wz: [120, 72, 66, 111, 23, 86, 95, 54] addr: 124 result: 124
1152) wz: [124, 119, 39, 17, 86, 4, 99, 59] addr: 34 result: 34
1153) wz: [36, 48, 4, 94, 66, 56, 86, 111] addr: 58 result: 212
1154) wz: [36, 48, 4, 94, 66, 56, 86, 111] addr: 27 result: 27
1155) wz: [19, 116, 64, 44, 111, 84, 34, 56] addr: 95 result: 95
1156) wz: [101, 78, 2, 91, 69, 19, 23, 43] addr: 109 result: 109
1157) wz: [101, 78, 2, 91, 69, 19, 23, 43] addr: 8 result: 8
1158) wz: [14, 46, 110, 85, 34, 104, 100, 30] addr: 60 result: 60
1159) wz: [108, 88, 40, 113, 54, 58, 46, 93] addr: 31 result: 31
1160) wz: [108, 88, 40, 113, 54, 58, 46, 93] addr: 54 result: 193
1161) wz: [34, 27, 95, 74, 118, 65, 108, 69] addr: 98 result: 168
1162) wz: [117, 108, 25, 72, 15, 67, 42, 0] addr: 67 result: 209
1163) wz: [117, 108, 25, 72, 15, 67, 42, 0] addr: 113 result: 113
1164) wz: [74, 19, 58, 93, 66, 26, 115, 43] addr: 112 result: 112
1165) wz: [36, 15, 25, 101, 61, 89, 45, 0] addr: 36 result: 129
1166) wz: [36, 15, 25, 101, 61, 89, 45, 0] addr: 29 result: 29
1167) wz: [67, 54, 113, 60, 83, 46, 40, 34] addr: 100 result: 100
1168) wz: [105, 41, 26, 53, 35, 114, 57, 89] addr: 77 result: 77
1169) wz: [105, 41, 26, 53, 35, 114, 57, 89] addr: 82 result: 82
1170) wz: [19, 119, 47, 100, 53, 0, 105, 39] addr: 127 result: 127
1171) wz: [44, 79, 66, 29, 58, 108, 3, 22] addr: 10 result: 10
1172) wz: [44, 79, 66, 29, 58, 108, 3, 22] addr: 60 result: 196
1173) wz: [120, 29, 65, 88, 61, 102, 44, 1] addr: 19 result: 19
1174) wz: [45, 54, 95, 120, 69, 4, 39, 85] addr: 18 result: 18
1175) wz: [45, 54, 95, 120, 69, 4, 39, 85] addr: 3 result: 3
1176) wz: [9, 95, 78, 43, 34, 23, 107, 57] addr: 30 result: 30
1177) wz: [30, 0, 80, 75, 113, 14, 91, 71] addr: 124 result: 124
1178) wz: [30, 0, 80, 75, 113, 14, 91, 71] addr: 46 result: 46
1179) wz: [76, 106, 64, 124, 97, 115, 16, 57] addr: 104 result: 104
1180) wz: [27, 64, 54, 17, 11, 74, 1, 121] addr: 29 result: 132
1181) wz: [27, 64, 54, 17, 11, 74, 1, 121] addr: 95 result: 95
1182) wz: [41, 71, 12, 45, 124, 23, 53, 96] addr: 65 result: 65
1183) wz: [14, 43, 104, 79, 122, 58, 64, 5] addr: 83 result: 83
1184) wz: [14, 43, 104, 79, 122, 58, 64, 5] addr: 8 result: 248
1185) wz: [36, 66, 55, 41, 91, 112, 48, 119] addr: 19 result: 19
1186) wz: [56, 82, 50, 97, 68, 44, 102, 124] addr: 58 result: 132
1187) wz: [56, 82, 50, 97, 68, 44, 102, 124] addr: 124 result: 241
1188) wz: [34, 111, 19, 123, 13, 79, 106, 74] addr: 84 result: 84
1189) wz: [59, 72, 68, 47, 27, 8, 15, 114] addr: 14 result: 14
1190) wz: [59, 72, 68, 47, 27, 8, 15, 114] addr: 119 result: 119
1191) wz: [103, 85, 95, 81, 61, 51, 28, 1] addr: 69 result: 69
1192) wz: [28, 13, 72, 76, 68, 59, 116, 47] addr: 50 result: 248
1193) wz: [28, 13, 72, 76, 68, 59, 116, 47] addr: 1 result: 1
1194) wz: [12, 78, 124, 94, 37, 49, 117, 7] addr: 2 result: 2
1195) wz: [12, 90, 7, 86, 18, 104, 68, 2] addr: 10 result: 168
1196) wz: [12, 90, 7, 86, 18, 104, 68, 2] addr: 93 result: 152
1197) wz: [6, 119, 13, 103, 29, 73, 52, 19] addr: 120 result: 146
1198) wz: [9, 101, 61, 76, 110, 89, 114, 49] addr: 17 result: 17
1199) wz: [9, 101, 61, 76, 110, 89, 114, 49] addr: 18 result: 18
1200) wz: [56, 34, 124, 114, 76, 30, 12, 42] addr: 101 result: 101
1201) wz: [82, 6, 112, 89, 20, 53, 95, 70] addr: 112 result: 161
1202) wz: [82, 6, 112, 89, 20, 53, 95, 70] addr: 15 result: 15
1203) wz: [4, 116, 84, 74, 49, 24, 53, 61] addr: 26 result: 212
1204) wz: [123, 80, 28, 37, 102, 87, 6, 98] addr: 82 result: 148
1205) wz: [123, 80, 28, 37, 102, 87, 6, 98] addr: 59 result: 59
1206) wz: [116, 0, 4, 120, 58, 106, 93, 23] addr: 110 result: 110
1207) wz: [95, 11, 77, 31, 22, 82, 53, 124] addr: 98 result: 136
1208) wz: [95, 11, 77, 31, 22, 82, 53, 124] addr: 78 result: 162
1209) wz: [120, 5, 18, 55, 98, 61, 89, 107] addr: 91 result: 228
1210) wz: [12, 50, 118, 71, 18, 79, 99, 63] addr: 108 result: 108
1211) wz: [12, 50, 118, 71, 18, 79, 99, 63] addr: 72 result: 178
1212) wz: [13, 85, 35, 23, 5, 98, 120, 56] addr: 15 result: 132
1213) wz: [31, 24, 52, 66, 61, 36, 108, 79] addr: 71 result: 71
1214) wz: [31, 24, 52, 66, 61, 36, 108, 79] addr: 8 result: 8
1215) wz: [43, 67, 101, 30, 8, 105, 75, 80] addr: 21 result: 21
1216) wz: [72, 36, 77, 18, 83, 51, 3, 62] addr: 43 result: 43
1217) wz: [72, 36, 77, 18, 83, 51, 3, 62] addr: 79 result: 164
1218) wz: [53, 15, 116, 69, 83, 78, 7, 3] addr: 51 result: 51
1219) wz: [11, 30, 60, 124, 111, 93, 101, 6] addr: 31 result: 146
1220) wz: [11, 30, 60, 124, 111, 93, 101, 6] addr: 38 result: 38
1221) wz: [37, 23, 27, 99, 51, 31, 55, 91] addr: 54 result: 200
1222) wz: [100, 66, 13, 73, 4, 38, 89, 34] addr: 31 result: 31
1223) wz: [100, 66, 13, 73, 4, 38, 89, 34] addr: 83 result: 83
1224) wz: [24, 88, 45, 116, 12, 83, 56, 0] addr: 76 result: 76
1225) wz: [94, 65, 11, 74, 78, 107, 30, 116] addr: 55 result: 55
1226) wz: [94, 65, 11, 74, 78, 107, 30, 116] addr: 73 result: 73
1227) wz: [33, 20, 64, 78, 4, 106, 101, 40] addr: 104 result: 232
1228) wz: [65, 73, 92, 12, 116, 106, 120, 124] addr: 84 result: 84
1229) wz: [65, 73, 92, 12, 116, 106, 120, 124] addr: 16 result: 16
1230) wz: [51, 24, 93, 38, 109, 117, 67, 105] addr: 93 result: 161
1231) wz: [44, 38, 22, 72, 26, 66, 123, 80] addr: 61 result: 61
1232) wz: [44, 38, 22, 72, 26, 66, 123, 80] addr: 16 result: 16
1233) wz: [108, 38, 51, 34, 12, 97, 91, 121] addr: 112 result: 112
1234) wz: [95, 54, 65, 109, 36, 29, 113, 80] addr: 27 result: 27
1235) wz: [95, 54, 65, 109, 36, 29, 113, 80] addr: 68 result: 168
1236) wz: [45, 22, 55, 36, 59, 18, 110, 0] addr: 38 result: 180
1237) wz: [98, 87, 37, 94, 62, 16, 0, 120] addr: 55 result: 55
1238) wz: [98, 87, 37, 94, 62, 16, 0, 120] addr: 34 result: 34
1239) wz: [65, 81, 18, 51, 76, 5, 60, 101] addr: 85 result: 85
1240) wz: [120, 105, 75, 114, 36, 69, 3, 93] addr: 53 result: 53
1241) wz: [120, 105, 75, 114, 36, 69, 3, 93] addr: 51 result: 51
1242) wz: [23, 77, 6, 94, 36, 98, 59, 105] addr: 123 result: 123
1243) wz: [90, 115, 20, 11, 72, 16, 38, 53] addr: 5 result: 5
1244) wz: [90, 115, 20, 11, 72, 16, 38, 53] addr: 78 result: 78
1245) wz: [18, 68, 47, 80, 56, 94, 119, 86] addr: 120 result: 226
1246) wz: [15, 54, 108, 39, 46, 26, 11, 72] addr: 60 result: 60
1247) wz: [15, 54, 108, 39, 46, 26, 11, 72] addr: 102 result: 102
1248) wz: [66, 42, 48, 123, 16, 116, 38, 108] addr: 109 result: 242
1249) wz: [124, 57, 1, 17, 31, 98, 105, 38] addr: 69 result: 69
1250) wz: [124, 57, 1, 17, 31, 98, 105, 38] addr: 102 result: 102
1251) wz: [24, 106, 32, 0, 46, 92, 119, 9] addr: 86 result: 86
1252) wz: [112, 11, 63, 41, 21, 1, 47, 51] addr: 81 result: 81
1253) wz: [112, 11, 63, 41, 21, 1, 47, 51] addr: 38 result: 38
1254) wz: [101, 82, 61, 5, 70, 18, 113, 105] addr: 16 result: 16
1255) wz: [20, 7, 14, 25, 80, 52, 84, 106] addr: 100 result: 100
1256) wz: [20, 7, 14, 25, 80, 52, 84, 106] addr: 104 result: 104
1257) wz: [67, 55, 83, 32, 91, 15, 63, 118] addr: 85 result: 164
1258) wz: [13, 22, 90, 32, 64, 83, 117, 54] addr: 38 result: 38
1259) wz: [13, 22, 90, 32, 64, 83, 117, 54] addr: 60 result: 60
1260) wz: [103, 30, 99, 123, 39, 107, 3, 56] addr: 119 result: 119
1261) wz: [30, 67, 6, 10, 100, 45, 96, 73] addr: 43 result: 43
1262) wz: [30, 67, 6, 10, 100, 45, 96, 73] addr: 64 result: 64
1263) wz: [6, 58, 15, 54, 26, 73, 114, 20] addr: 109 result: 109
1264) wz: [116, 84, 8, 50, 77, 16, 110, 41] addr: 121 result: 121
1265) wz: [116, 84, 8, 50, 77, 16, 110, 41] addr: 2 result: 2
1266) wz: [24, 37, 14, 98, 3, 30, 67, 73] addr: 57 result: 57
1267) wz: [111, 17, 66, 25, 58, 35, 123, 116] addr: 68 result: 164
1268) wz: [111, 17, 66, 25, 58, 35, 123, 116] addr: 21 result: 21
1269) wz: [39, 28, 54, 8, 43, 102, 82, 15] addr: 116 result: 116
1270) wz: [27, 84, 107, 20, 70, 90, 62, 13] addr: 121 result: 121
1271) wz: [27, 84, 107, 20, 70, 90, 62, 13] addr: 90 result: 209
1272) wz: [99, 63, 77, 24, 112, 39, 56, 72] addr: 68 result: 68
1273) wz: [2, 78, 117, 13, 21, 26, 6, 38] addr: 10 result: 10
1274) wz: [2, 78, 117, 13, 21, 26, 6, 38] addr: 23 result: 196
1275) wz: [56, 69, 92, 51, 84, 2, 14, 118] addr: 4 result: 212
1276) wz: [55, 86, 104, 80, 28, 37, 121, 67] addr: 3 result: 3
1277) wz: [55, 86, 104, 80, 28, 37, 121, 67] addr: 110 result: 110
1278) wz: [45, 101, 119, 5, 90, 26, 68, 36] addr: 23 result: 23
1279) wz: [21, 78, 88, 11, 119, 56, 34, 97] addr: 26 result: 26
1280) wz: [21, 78, 88, 11, 119, 56, 34, 97] addr: 71 result: 71
1281) wz: [35, 43, 71, 49, 23, 27, 16, 123] addr: 113 result: 113
1282) wz: [17, 122, 107, 29, 50, 114, 101, 91] addr: 98 result: 98
1283) wz: [17, 122, 107, 29, 50, 114, 101, 91] addr: 85 result: 85
1284) wz: [72, 91, 40, 1, 65, 77, 53, 26] addr: 93 result: 148
1285) wz: [89, 102, 48, 39, 11, 83, 117, 96] addr: 84 result: 210
1286) wz: [89, 102, 48, 39, 11, 83, 117, 96] addr: 73 result: 73
1287) wz: [100, 77, 84, 53, 95, 109, 60, 23] addr: 113 result: 113
1288) wz: [123, 6, 10, 111, 116, 58, 70, 102] addr: 95 result: 95
1289) wz: [123, 6, 10, 111, 116, 58, 70, 102] addr: 117 result: 194
1290) wz: [59, 81, 118, 85, 93, 68, 75, 89] addr: 42 result: 42
1291) wz: [119, 51, 44, 36, 95, 68, 11, 60] addr: 39 result: 184
1292) wz: [119, 51, 44, 36, 95, 68, 11, 60] addr: 2 result: 2
1293) wz: [58, 41, 114, 109, 24, 71, 77, 88] addr: 66 result: 66
1294) wz: [60, 97, 0, 115, 122, 10, 50, 21] addr: 83 result: 83
1295) wz: [60, 97, 0, 115, 122, 10, 50, 21] addr: 27 result: 27
1296) wz: [114, 37, 18, 77, 52, 47, 120, 109] addr: 41 result: 41
1297) wz: [32, 46, 13, 38, 20, 66, 101, 89] addr: 33 result: 130
1298) wz: [32, 46, 13, 38, 20, 66, 101, 89] addr: 51 result: 51
1299) wz: [55, 59, 78, 5, 96, 118, 108, 33] addr: 6 result: 178
1300) wz: [96, 102, 19, 71, 92, 79, 110, 75] addr: 19 result: 161
1301) wz: [96, 102, 19, 71, 92, 79, 110, 75] addr: 107 result: 107
1302) wz: [62, 72, 109, 38, 4, 17, 80, 94] addr: 10 result: 10
1303) wz: [0, 11, 40, 117, 103, 110, 56, 35] addr: 32 result: 32
1304) wz: [0, 11, 40, 117, 103, 110, 56, 35] addr: 81 result: 81
1305) wz: [19, 95, 49, 115, 27, 108, 85, 70] addr: 112 result: 112
1306) wz: [79, 23, 58, 96, 31, 120, 37, 85] addr: 16 result: 16
1307) wz: [79, 23, 58, 96, 31, 120, 37, 85] addr: 91 result: 91
1308) wz: [58, 66, 92, 78, 32, 7, 16, 104] addr: 38 result: 38
1309) wz: [9, 13, 115, 46, 100, 123, 78, 109] addr: 0 result: 0
1310) wz: [9, 13, 115, 46, 100, 123, 78, 109] addr: 80 result: 228
1311) wz: [56, 22, 49, 106, 27, 81, 97, 40] addr: 96 result: 96
1312) wz: [9, 49, 0, 59, 122, 114, 96, 15] addr: 55 result: 55
1313) wz: [9, 49, 0, 59, 122, 114, 96, 15] addr: 44 result: 44
1314) wz: [48, 32, 66, 2, 121, 112, 26, 57] addr: 49 result: 130
1315) wz: [123, 88, 110, 42, 1, 37, 77, 22] addr: 59 result: 59
1316) wz: [123, 88, 110, 42, 1, 37, 77, 22] addr: 59 result: 59
1317) wz: [87, 60, 80, 36, 96, 104, 6, 112] addr: 127 result: 127
1318) wz: [107, 18, 68, 112, 9, 84, 99, 3] addr: 14 result: 14
1319) wz: [107, 18, 68, 112, 9, 84, 99, 3] addr: 22 result: 22
1320) wz: [10, 52, 28, 102, 0, 80, 68, 47] addr: 104 result: 180
1321) wz: [119, 29, 76, 4, 81, 49, 21, 54] addr: 111 result: 111
1322) wz: [119, 29, 76, 4, 81, 49, 21, 54] addr: 41 result: 41
1323) wz: [122, 112, 89, 67, 94, 118, 32, 106] addr: 106 result: 241
1324) wz: [78, 31, 50, 38, 67, 91, 25, 99] addr: 82 result: 82
1325) wz: [78, 31, 50, 38, 67, 91, 25, 99] addr: 111 result: 111
1326) wz: [122, 117, 51, 1, 109, 10, 93, 41] addr: 18 result: 18
1327) wz: [9, 4, 104, 13, 55, 119, 100, 80] addr: 79 result: 79
1328) wz: [9, 4, 104, 13, 55, 119, 100, 80] addr: 65 result: 65
1329) wz: [65, 105, 42, 48, 61, 88, 101, 69] addr: 104 result: 232
1330) wz: [111, 45, 94, 37, 5, 9, 41, 67] addr: 34 result: 34
1331) wz: [111, 45, 94, 37, 5, 9, 41, 67] addr: 1 result: 1
1332) wz: [67, 53, 23, 60, 29, 15, 121, 108] addr: 83 result: 83
1333) wz: [7, 122, 88, 16, 2, 115, 26, 102] addr: 16 result: 177
1334) wz: [7, 122, 88, 16, 2, 115, 26, 102] addr: 20 result: 20
1335) wz: [47, 39, 102, 71, 109, 113, 55, 75] addr: 79 result: 79
1336) wz: [5, 85, 57, 74, 95, 52, 10, 61] addr: 93 result: 93
1337) wz: [5, 85, 57, 74, 95, 52, 10, 61] addr: 112 result: 112
1338) wz: [29, 58, 42, 85, 37, 124, 9, 50] addr: 97 result: 97
1339) wz: [105, 88, 24, 38, 71, 31, 115, 124] addr: 58 result: 58
1340) wz: [105, 88, 24, 38, 71, 31, 115, 124] addr: 90 result: 148
1341) wz: [27, 111, 58, 11, 63, 80, 31, 119] addr: 28 result: 130
1342) wz: [49, 73, 5, 44, 19, 95, 40, 84] addr: 107 result: 107
1343) wz: [49, 73, 5, 44, 19, 95, 40, 84] addr: 104 result: 104
1344) wz: [32, 118, 50, 107, 77, 89, 60, 97] addr: 89 result: 209
1345) wz: [57, 105, 119, 89, 53, 99, 45, 7] addr: 127 result: 127
1346) wz: [57, 105, 119, 89, 53, 99, 45, 7] addr: 27 result: 27
1347) wz: [119, 105, 66, 14, 70, 89, 0, 42] addr: 8 result: 8
1348) wz: [7, 52, 101, 77, 46, 33, 91, 40] addr: 107 result: 107
1349) wz: [7, 52, 101, 77, 46, 33, 91, 40] addr: 10 result: 136
1350) wz: [114, 5, 29, 40, 81, 118, 71, 91] addr: 127 result: 127
1351) wz: [38, 22, 7, 108, 117, 60, 47, 54] addr: 56 result: 244
1352) wz: [38, 22, 7, 108, 117, 60, 47, 54] addr: 43 result: 43
1353) wz: [102, 83, 118, 13, 24, 7, 53, 46] addr: 49 result: 248
1354) wz: [27, 59, 55, 18, 35, 64, 118, 7] addr: 99 result: 99
1355) wz: [27, 59, 55, 18, 35, 64, 118, 7] addr: 105 result: 105
1356) wz: [4, 85, 103, 75, 107, 91, 25, 81] addr: 85 result: 145
1357) wz: [12, 85, 96, 72, 2, 21, 79, 27] addr: 84 result: 84
1358) wz: [12, 85, 96, 72, 2, 21, 79, 27] addr: 38 result: 38
1359) wz: [14, 88, 67, 21, 29, 37, 44, 93] addr: 69 result: 164
1360) wz: [0, 41, 32, 73, 4, 107, 96, 63] addr: 34 result: 164
1361) wz: [0, 41, 32, 73, 4, 107, 96, 63] addr: 5 result: 194
1362) wz: [79, 109, 90, 48, 20, 28, 59, 85] addr: 10 result: 10
1363) wz: [74, 113, 43, 57, 123, 32, 85, 79] addr: 98 result: 98
1364) wz: [74, 113, 43, 57, 123, 32, 85, 79] addr: 13 result: 13
1365) wz: [72, 116, 93, 103, 3, 39, 10, 45] addr: 83 result: 83
1366) wz: [36, 74, 18, 118, 80, 85, 43, 103] addr: 64 result: 64
1367) wz: [36, 74, 18, 118, 80, 85, 43, 103] addr: 120 result: 180
1368) wz: [16, 32, 123, 90, 69, 73, 107, 80] addr: 27 result: 27
1369) wz: [120, 33, 76, 18, 89, 58, 4, 93] addr: 103 result: 103
1370) wz: [120, 33, 76, 18, 89, 58, 4, 93] addr: 40 result: 40
1371) wz: [22, 83, 72, 12, 107, 36, 103, 16] addr: 114 result: 114
1372) wz: [24, 82, 0, 89, 98, 113, 109, 59] addr: 11 result: 11
1373) wz: [24, 82, 0, 89, 98, 113, 109, 59] addr: 109 result: 225
1374) wz: [47, 22, 8, 41, 2, 120, 79, 88] addr: 124 result: 124
1375) wz: [90, 83, 119, 112, 6, 74, 16, 59] addr: 94 result: 94
1376) wz: [90, 83, 119, 112, 6, 74, 16, 59] addr: 51 result: 51
1377) wz: [21, 69, 92, 50, 46, 117, 80, 56] addr: 41 result: 41
1378) wz: [96, 60, 123, 42, 36, 80, 53, 26] addr: 96 result: 129
1379) wz: [96, 60, 123, 42, 36, 80, 53, 26] addr: 111 result: 111
1380) wz: [111, 5, 42, 33, 103, 116, 87, 58] addr: 26 result: 26
1381) wz: [52, 63, 41, 47, 106, 116, 77, 95] addr: 47 result: 177
1382) wz: [52, 63, 41, 47, 106, 116, 77, 95] addr: 71 result: 71
1383) wz: [117, 5, 24, 30, 112, 58, 87, 68] addr: 70 result: 244
1384) wz: [57, 2, 11, 30, 102, 116, 110, 96] addr: 103 result: 194
1385) wz: [57, 2, 11, 30, 102, 116, 110, 96] addr: 65 result: 65
1386) wz: [114, 66, 119, 13, 88, 78, 42, 73] addr: 37 result: 37
1387) wz: [14, 9, 115, 27, 119, 1, 95, 34] addr: 71 result: 71
1388) wz: [14, 9, 115, 27, 119, 1, 95, 34] addr: 90 result: 90
1389) wz: [107, 121, 54, 4, 9, 17, 96, 39] addr: 77 result: 77
1390) wz: [28, 116, 24, 120, 111, 101, 86, 40] addr: 31 result: 136
1391) wz: [28, 116, 24, 120, 111, 101, 86, 40] addr: 54 result: 54
1392) wz: [52, 24, 98, 76, 5, 36, 59, 11] addr: 110 result: 110
1393) wz: [71, 85, 7, 93, 43, 16, 113, 50] addr: 124 result: 124
1394) wz: [71, 85, 7, 93, 43, 16, 113, 50] addr: 36 result: 36
1395) wz: [73, 119, 99, 49, 44, 88, 115, 9] addr: 70 result: 70
1396) wz: [100, 8, 16, 48, 108, 67, 38, 32] addr: 13 result: 13
1397) wz: [100, 8, 16, 48, 108, 67, 38, 32] addr: 116 result: 116
1398) wz: [28, 117, 61, 88, 33, 100, 13, 112] addr: 61 result: 161
1399) wz: [58, 100, 31, 109, 104, 20, 74, 11] addr: 22 result: 212
1400) wz: [58, 100, 31, 109, 104, 20, 74, 11] addr: 117 result: 117
1401) wz: [14, 70, 33, 77, 50, 61, 94, 46] addr: 36 result: 168
1402) wz: [103, 37, 17, 44, 10, 2, 96, 108] addr: 51 result: 51
1403) wz: [103, 37, 17, 44, 10, 2, 96, 108] addr: 11 result: 194
1404) wz: [26, 92, 31, 118, 112, 84, 56, 1] addr: 19 result: 19
1405) wz: [71, 119, 80, 49, 67, 32, 0, 14] addr: 70 result: 200
1406) wz: [71, 119, 80, 49, 67, 32, 0, 14] addr: 113 result: 113
1407) wz: [95, 4, 109, 14, 29, 82, 10, 71] addr: 13 result: 232
1408) wz: [81, 69, 95, 27, 15, 2, 89, 121] addr: 100 result: 100
1409) wz: [81, 69, 95, 27, 15, 2, 89, 121] addr: 81 result: 129
1410) wz: [35, 96, 124, 70, 21, 26, 10, 80] addr: 15 result: 15
1411) wz: [48, 22, 124, 92, 16, 27, 88, 106] addr: 95 result: 184
1412) wz: [48, 22, 124, 92, 16, 27, 88, 106] addr: 24 result: 148
1413) wz: [69, 13, 93, 50, 102, 41, 63, 86] addr: 18 result: 18
1414) wz: [85, 20, 122, 48, 71, 32, 67, 100] addr: 113 result: 113
1415) wz: [85, 20, 122, 48, 71, 32, 67, 100] addr: 77 result: 77
1416) wz: [121, 48, 102, 68, 113, 28, 95, 6] addr: 122 result: 130
1417) wz: [119, 12, 53, 60, 84, 38, 103, 16] addr: 3 result: 3
1418) wz: [119, 12, 53, 60, 84, 38, 103, 16] addr: 28 result: 28
1419) wz: [11, 97, 92, 28, 65, 48, 111, 56] addr: 104 result: 104
1420) wz: [32, 81, 115, 13, 25, 9, 108, 104] addr: 104 result: 241
1421) wz: [32, 81, 115, 13, 25, 9, 108, 104] addr: 42 result: 42
1422) wz: [23, 36, 3, 46, 16, 97, 66, 119] addr: 103 result: 103
1423) wz: [28, 97, 8, 18, 114, 23, 122, 34] addr: 119 result: 119
1424) wz: [28, 97, 8, 18, 114, 23, 122, 34] addr: 39 result: 39
1425) wz: [46, 63, 99, 68, 0, 120, 59, 19] addr: 126 result: 126
1426) wz: [95, 109, 91, 52, 68, 26, 118, 113] addr: 63 result: 63
1427) wz: [95, 109, 91, 52, 68, 26, 118, 113] addr: 5 result: 5
1428) wz: [75, 34, 94, 9, 115, 66, 30, 83] addr: 71 result: 71
1429) wz: [26, 46, 34, 114, 52, 14, 18, 84] addr: 80 result: 80
1430) wz: [26, 46, 34, 114, 52, 14, 18, 84] addr: 25 result: 25
1431) wz: [41, 22, 87, 75, 106, 67, 9, 119] addr: 79 result: 79
1432) wz: [15, 55, 110, 25, 40, 98, 8, 2] addr: 101 result: 216
1433) wz: [15, 55, 110, 25, 40, 98, 8, 2] addr: 110 result: 161
1434) wz: [69, 124, 75, 24, 9, 42, 28, 86] addr: 111 result: 111
1435) wz: [106, 64, 120, 22, 29, 86, 47, 94] addr: 11 result: 11
1436) wz: [106, 64, 120, 22, 29, 86, 47, 94] addr: 104 result: 104
1437) wz: [110, 100, 37, 81, 30, 46, 74, 6] addr: 90 result: 90
1438) wz: [37, 51, 121, 80, 103, 92, 72, 8] addr: 92 result: 209
1439) wz: [37, 51, 121, 80, 103, 92, 72, 8] addr: 21 result: 21
1440) wz: [111, 60, 10, 15, 6, 79, 107, 21] addr: 77 result: 77
1441) wz: [45, 52, 85, 12, 0, 117, 40, 67] addr: 99 result: 99
1442) wz: [45, 52, 85, 12, 0, 117, 40, 67] addr: 13 result: 178
1443) wz: [19, 121, 1, 8, 74, 12, 40, 49] addr: 27 result: 27
1444) wz: [38, 89, 6, 83, 94, 44, 26, 110] addr: 33 result: 33
1445) wz: [38, 89, 6, 83, 94, 44, 26, 110] addr: 19 result: 19
1446) wz: [95, 82, 36, 48, 40, 57, 74, 7] addr: 117 result: 117
1447) wz: [36, 1, 45, 15, 112, 94, 72, 106] addr: 24 result: 24
1448) wz: [36, 1, 45, 15, 112, 94, 72, 106] addr: 20 result: 20
1449) wz: [121, 42, 79, 38, 92, 85, 28, 117] addr: 111 result: 111
1450) wz: [123, 118, 84, 55, 113, 32, 103, 6] addr: 9 result: 248
1451) wz: [123, 118, 84, 55, 113, 32, 103, 6] addr: 24 result: 24
1452) wz: [32, 48, 17, 24, 61, 69, 2, 52] addr: 60 result: 60
1453) wz: [54, 13, 5, 84, 45, 62, 72, 79] addr: 63 result: 210
1454) wz: [54, 13, 5, 84, 45, 62, 72, 79] addr: 53 result: 53
1455) wz: [12, 117, 3, 36, 69, 20, 108, 62] addr: 63 result: 242
1456) wz: [42, 7, 29, 71, 103, 18, 1, 86] addr: 47 result: 47
1457) wz: [42, 7, 29, 71, 103, 18, 1, 86] addr: 102 result: 102
1458) wz: [68, 64, 75, 1, 118, 89, 98, 80] addr: 71 result: 136
1459) wz: [103, 124, 83, 23, 43, 107, 39, 10] addr: 59 result: 59
1460) wz: [103, 124, 83, 23, 43, 107, 39, 10] addr: 103 result: 129
1461) wz: [50, 26, 95, 9, 86, 80, 105, 123] addr: 91 result: 91
1462) wz: [96, 19, 77, 56, 109, 34, 0, 15] addr: 3 result: 232
1463) wz: [96, 19, 77, 56, 109, 34, 0, 15] addr: 16 result: 242
1464) wz: [67, 23, 102, 106, 72, 81, 2, 37] addr: 75 result: 200
1465) wz: [34, 55, 76, 90, 17, 26, 61, 48] addr: 47 result: 47
1466) wz: [34, 55, 76, 90, 17, 26, 61, 48] addr: 68 result: 68
1467) wz: [10, 58, 72, 48, 42, 112, 26, 52] addr: 71 result: 71
1468) wz: [53, 107, 81, 34, 91, 49, 103, 13] addr: 112 result: 112
1469) wz: [53, 107, 81, 34, 91, 49, 103, 13] addr: 23 result: 23
1470) wz: [64, 41, 4, 33, 49, 103, 0, 54] addr: 12 result: 12
1471) wz: [98, 113, 9, 82, 28, 40, 24, 88] addr: 102 result: 102
1472) wz: [98, 113, 9, 82, 28, 40, 24, 88] addr: 29 result: 194
1473) wz: [123, 15, 29, 79, 20, 106, 37, 85] addr: 116 result: 116
1474) wz: [72, 50, 93, 84, 98, 88, 80, 35] addr: 92 result: 92
1475) wz: [72, 50, 93, 84, 98, 88, 80, 35] addr: 55 result: 55
1476) wz: [118, 36, 84, 52, 75, 70, 22, 102] addr: 67 result: 67
1477) wz: [44, 62, 57, 83, 20, 26, 104, 51] addr: 1 result: 1
1478) wz: [44, 62, 57, 83, 20, 26, 104, 51] addr: 34 result: 34
1479) wz: [123, 25, 113, 90, 33, 119, 97, 47] addr: 69 result: 69
1480) wz: [113, 7, 52, 122, 82, 64, 23, 89] addr: 57 result: 57
1481) wz: [113, 7, 52, 122, 82, 64, 23, 89] addr: 20 result: 20
1482) wz: [52, 32, 39, 80, 19, 97, 4, 74] addr: 111 result: 111
1483) wz: [25, 41, 59, 123, 102, 45, 64, 110] addr: 61 result: 164
1484) wz: [25, 41, 59, 123, 102, 45, 64, 110] addr: 90 result: 90
1485) wz: [68, 19, 54, 4, 113, 121, 80, 93] addr: 41 result: 41
1486) wz: [85, 34, 58, 63, 11, 16, 2, 89] addr: 38 result: 38
1487) wz: [85, 34, 58, 63, 11, 16, 2, 89] addr: 49 result: 49
1488) wz: [40, 104, 89, 34, 7, 22, 17, 72] addr: 41 result: 130
1489) wz: [33, 11, 94, 118, 106, 77, 58, 27] addr: 114 result: 114
1490) wz: [33, 11, 94, 118, 106, 77, 58, 27] addr: 109 result: 200
1491) wz: [26, 46, 3, 76, 52, 61, 41, 103] addr: 74 result: 74
1492) wz: [85, 56, 95, 62, 1, 119, 114, 7] addr: 0 result: 0
1493) wz: [85, 56, 95, 62, 1, 119, 114, 7] addr: 92 result: 92
1494) wz: [44, 74, 66, 104, 52, 111, 39, 22] addr: 69 result: 168
1495) wz: [35, 25, 0, 90, 50, 40, 21, 124] addr: 24 result: 232
1496) wz: [35, 25, 0, 90, 50, 40, 21, 124] addr: 70 result: 70
1497) wz: [65, 102, 34, 53, 124, 13, 19, 70] addr: 97 result: 97
1498) wz: [43, 32, 101, 55, 117, 93, 2, 63] addr: 59 result: 59
1499) wz: [43, 32, 101, 55, 117, 93, 2, 63] addr: 23 result: 23
1500) wz: [16, 65, 26, 59, 96, 105, 75, 49] addr: 40 result: 40
