1) wz: [43, 69, 0, 22, 35, 98, 121, 89] addr: 124 result: 232
2) wz: [43, 69, 0, 22, 35, 98, 121, 89] addr: 111 result: 111
3) wz: [79, 59, 25, 108, 5, 91, 84, 104] addr: 78 result: 78
4) wz: [86, 33, 95, 21, 62, 69, 124, 43] addr: 46 result: 248
5) wz: [86, 33, 95, 21, 62, 69, 124, 43] addr: 33 result: 145
6) wz: [111, 31, 60, 104, 12, 8, 39, 72] addr: 83 result: 83
7) wz: [68, 16, 22, 26, 46, 59, 12, 37] addr: 80 result: 80
8) wz: [68, 16, 22, 26, 46, 59, 12, 37] addr: 59 result: 209
9) wz: [89, 38, 29, 57, 68, 81, 12, 64] addr: 40 result: 148
10) wz: [18, 108, 41, 65, 115, 99, 93, 55] addr: 51 result: 51
11) wz: [18, 108, 41, 65, 115, 99, 93, 55] addr: 10 result: 10
12) wz: [13, 17, 94, 87, 8, 3, 27, 76] addr: 54 result: 54
13) wz: [61, 50, 44, 54, 36, 119, 100, 21] addr: 108 result: 108
14) wz: [61, 50, 44, 54, 36, 119, 100, 21] addr: 106 result: 106
15) wz: [21, 49, 81, 3, 30, 97, 66, 55] addr: 71 result: 71
