43
69
0
22
35
98
121
89
124
0
232
43
69
0
22
35
98
121
89
111
0
111
79
59
25
108
5
91
84
104
78
0
78
86
33
95
21
62
69
124
43
46
0
248
86
33
95
21
62
69
124
43
33
0
145
111
31
60
104
12
8
39
72
83
0
83
68
16
22
26
46
59
12
37
80
0
80
68
16
22
26
46
59
12
37
59
0
209
89
38
29
57
68
81
12
64
40
0
148
18
108
41
65
115
99
93
55
51
0
51
18
108
41
65
115
99
93
55
10
0
10
13
17
94
87
8
3
27
76
54
0
54
61
50
44
54
36
119
100
21
108
0
108
61
50
44
54
36
119
100
21
106
0
106
21
49
81
3
30
97
66
55
71
0
71
